<NumSuperStates> 5
<NumStates> 3 6 6 6 3 
<NumMixtures> 3 3 3 3 3 3 3 3 3 3 3 3 3 3 3 3 3 3 3 3 3 3 3 3 
<VecSize> 9
<BeginExternalHMM>
<NumStates> 5
<TransP>
-0.405465 -1.098612 -10000000000.000000 -10000000000.000000 -10000000000.000000 
-10000000000.000000 -0.405465 -1.098612 -10000000000.000000 -10000000000.000000 
-10000000000.000000 -10000000000.000000 -0.405465 -1.098612 -10000000000.000000 
-10000000000.000000 -10000000000.000000 -10000000000.000000 -0.405465 -1.098612 
-10000000000.000000 -10000000000.000000 -10000000000.000000 -10000000000.000000 0.000000 
<EndExternalHMM>
<BeginEmbeddedHMM>
<NumStates> 3
<State> 0
<NumMixes> 3
<Mixture> 0 <Weight> 0.411765
<Mean>
206.809509 -10.663259 2.442521 44.469475 -7.744486 2.387492 6.471650 -7.473693 5.625535 
<Inverted_Deviation>
0.017618 0.052243 0.070053 0.070711 0.040720 0.041019 0.039493 0.050113 0.070711 
<LogVarVal> 32.718613
<Mixture> 1 <Weight> 0.294118
<Mean>
278.066650 25.650949 26.361225 45.649017 33.207497 13.424735 1.196934 7.751022 -6.663429 
<Inverted_Deviation>
0.020851 0.016611 0.024501 0.028835 0.035815 0.053456 0.057721 0.041719 0.044879 
<LogVarVal> 35.765499
<Mixture> 2 <Weight> 0.294118
<Mean>
294.950012 -53.306427 18.267988 -8.515235 48.098373 -14.188601 12.449452 -2.153987 -5.461036 
<Inverted_Deviation>
0.017424 0.015571 0.050896 0.021141 0.028079 0.026327 0.039344 0.043861 0.070711 
<LogVarVal> 36.419163
<State> 1
<NumMixes> 3
<Mixture> 0 <Weight> 0.600000
<Mean>
443.194427 -77.384422 -4.727229 -133.737244 54.024597 3.360386 39.466724 -13.239046 -3.873166 
<Inverted_Deviation>
0.009706 0.019061 0.011672 0.013622 0.018309 0.016181 0.056204 0.028704 0.021028 
<LogVarVal> 40.908707
<Mixture> 1 <Weight> 0.200000
<Mean>
945.541626 -263.255798 -151.916733 -236.590408 64.965858 1.506172 -107.844986 88.766838 20.230127 
<Inverted_Deviation>
0.007795 0.070711 0.070711 0.004873 0.005564 0.031344 0.004044 0.005112 0.055682 
<LogVarVal> 42.956829
<Mixture> 2 <Weight> 0.200000
<Mean>
708.833313 -299.376831 126.198105 -175.290863 42.442928 -4.476514 -20.988699 83.987923 -25.377642 
<Inverted_Deviation>
0.007536 0.070711 0.070711 0.029848 0.006183 0.020589 0.019684 0.008121 0.049519 
<LogVarVal> 39.564976
<State> 2
<NumMixes> 3
<Mixture> 0 <Weight> 0.083333
<Mean>
1146.500000 117.922417 -85.612267 -100.044960 61.281246 -58.303547 -395.336151 32.034718 132.917603 
<Inverted_Deviation>
0.070711 0.070711 0.070711 0.070711 0.070711 0.070711 0.070711 0.070711 0.070711 
<LogVarVal> 28.993713
<Mixture> 1 <Weight> 0.583333
<Mean>
362.047638 121.829285 17.485100 -124.453232 -71.310982 -13.014588 39.793930 19.150251 -0.303312 
<Inverted_Deviation>
0.006747 0.014895 0.026161 0.010402 0.015446 0.033645 0.018918 0.022117 0.057956 
<LogVarVal> 40.755306
<Mixture> 2 <Weight> 0.333333
<Mean>
814.854126 228.086914 -31.282585 -305.158356 -31.378122 50.730652 -50.778011 -98.580032 -24.003641 
<Inverted_Deviation>
0.005235 0.012401 0.014055 0.004909 0.007964 0.035019 0.003627 0.008008 0.024432 
<LogVarVal> 46.718178
<TransP>
-0.194156 -1.734601 -10000000000.000000 
-10000000000.000000 -0.356675 -1.203973 
-10000000000.000000 -10000000000.000000 0.000000 
<EndEmbeddedHMM>
<BeginEmbeddedHMM>
<NumStates> 6
<State> 0
<NumMixes> 3
<Mixture> 0 <Weight> 0.333333
<Mean>
495.861084 -191.357101 -2.476947 -278.805878 81.173912 47.958374 70.201141 28.702576 -39.150051 
<Inverted_Deviation>
0.004737 0.017850 0.023677 0.009403 0.008589 0.020110 0.013169 0.011917 0.042537 
<LogVarVal> 43.520088
<Mixture> 1 <Weight> 0.555556
<Mean>
175.849991 -26.569946 20.967901 -43.643612 36.470219 -19.261351 29.182556 -20.706339 5.814626 
<Inverted_Deviation>
0.026967 0.019104 0.070711 0.022436 0.020702 0.049294 0.032551 0.025772 0.038922 
<LogVarVal> 36.385605
<Mixture> 2 <Weight> 0.111111
<Mean>
302.083313 -77.870399 117.009544 -164.165176 122.693748 -101.501228 68.470558 -66.239586 39.281620 
<Inverted_Deviation>
0.070711 0.070711 0.070711 0.070711 0.070711 0.070711 0.070711 0.070711 0.070711 
<LogVarVal> 28.993713
<State> 1
<NumMixes> 3
<Mixture> 0 <Weight> 0.333333
<Mean>
737.375000 -56.773651 39.928059 -219.904465 -22.566357 -62.456776 21.737469 -71.816887 21.440248 
<Inverted_Deviation>
0.004568 0.050795 0.019030 0.010167 0.009441 0.028686 0.011268 0.050662 0.070711 
<LogVarVal> 40.401829
<Mixture> 1 <Weight> 0.500000
<Mean>
400.694427 -117.386612 -9.328521 -142.140594 -18.002731 51.922600 29.145666 40.512333 -1.940919 
<Inverted_Deviation>
0.009807 0.070711 0.029484 0.019395 0.020472 0.024021 0.012163 0.023464 0.016176 
<LogVarVal> 39.795113
<Mixture> 2 <Weight> 0.166667
<Mean>
807.250000 -33.281761 -76.534332 -304.329987 -108.547867 -30.572927 69.131241 39.763401 71.310669 
<Inverted_Deviation>
0.070711 0.070711 0.070711 0.070711 0.070711 0.070711 0.070711 0.070711 0.070711 
<LogVarVal> 28.993713
<State> 2
<NumMixes> 3
<Mixture> 0 <Weight> 0.333333
<Mean>
1123.291626 -189.358704 -132.076294 -335.511353 80.883354 46.676495 103.160873 9.818562 11.610230 
<Inverted_Deviation>
0.003764 0.029936 0.030018 0.005077 0.030953 0.035293 0.027185 0.008772 0.070711 
<LogVarVal> 40.841225
<Mixture> 1 <Weight> 0.500000
<Mean>
685.305542 -136.404007 25.090450 -125.433929 37.891552 -20.447090 -26.578434 -6.698194 4.595085 
<Inverted_Deviation>
0.009431 0.013231 0.015979 0.070711 0.034236 0.008536 0.016357 0.011743 0.041256 
<LogVarVal> 40.809322
<Mixture> 2 <Weight> 0.166667
<Mean>
1078.666626 -283.163635 93.007210 -352.388672 126.283905 40.093601 107.031876 7.149792 -75.079796 
<Inverted_Deviation>
0.070711 0.070711 0.070711 0.070711 0.070711 0.070711 0.070711 0.070711 0.070711 
<LogVarVal> 28.993713
<State> 3
<NumMixes> 3
<Mixture> 0 <Weight> 0.500000
<Mean>
998.833374 165.494629 30.659634 -174.993073 -164.974686 10.322003 159.066284 -21.335148 -39.550880 
<Inverted_Deviation>
0.008166 0.008908 0.008629 0.004362 0.051649 0.006690 0.009807 0.017948 0.029252 
<LogVarVal> 45.014523
<Mixture> 1 <Weight> 0.333333
<Mean>
929.291626 -156.236206 -1.360838 163.900070 -266.129822 -7.668190 -47.753090 -44.691517 24.899166 
<Inverted_Deviation>
0.009907 0.070711 0.013401 0.005622 0.070711 0.006410 0.018269 0.022719 0.018942 
<LogVarVal> 41.360825
<Mixture> 2 <Weight> 0.166667
<Mean>
1310.000000 206.943619 -158.355728 -484.392853 -26.960745 39.672852 52.896839 -27.364971 58.480545 
<Inverted_Deviation>
0.070711 0.070711 0.070711 0.070711 0.070711 0.070711 0.070711 0.070711 0.070711 
<LogVarVal> 28.993713
<State> 4
<NumMixes> 3
<Mixture> 0 <Weight> 0.500000
<Mean>
824.888855 -7.649038 16.415115 49.750572 -1.351139 -39.731079 86.224846 53.898743 23.189739 
<Inverted_Deviation>
0.029616 0.057580 0.023042 0.006066 0.029678 0.017056 0.015456 0.010192 0.040694 
<LogVarVal> 39.946999
<Mixture> 1 <Weight> 0.333333
<Mean>
1055.666626 76.640839 -52.914063 307.169189 166.594162 -52.962929 35.956673 5.720221 -44.501408 
<Inverted_Deviation>
0.015484 0.009638 0.070711 0.008913 0.008937 0.010224 0.070711 0.010800 0.021502 
<LogVarVal> 41.648266
<Mixture> 2 <Weight> 0.166667
<Mean>
884.166626 69.795227 33.063931 -217.595428 -173.156403 -12.077528 80.537109 31.280649 6.791451 
<Inverted_Deviation>
0.070711 0.070711 0.070711 0.070711 0.070711 0.070711 0.070711 0.070711 0.070711 
<LogVarVal> 28.993713
<State> 5
<NumMixes> 3
<Mixture> 0 <Weight> 0.333333
<Mean>
690.541626 213.309021 -155.311890 -121.064339 27.793434 117.332870 29.543798 7.062227 30.172993 
<Inverted_Deviation>
0.008116 0.070711 0.011775 0.013366 0.037464 0.017877 0.016590 0.013616 0.033592 
<LogVarVal> 40.468609
<Mixture> 1 <Weight> 0.500000
<Mean>
692.444458 174.693207 -2.238230 -40.431938 107.068665 18.393156 -3.268341 -1.947634 3.740151 
<Inverted_Deviation>
0.005465 0.007732 0.052234 0.019101 0.008079 0.011683 0.026509 0.070711 0.013113 
<LogVarVal> 42.014656
<Mixture> 2 <Weight> 0.166667
<Mean>
918.749939 -85.719200 -0.591502 -129.328537 94.686195 4.307174 77.484283 23.009962 -69.379051 
<Inverted_Deviation>
0.070711 0.070711 0.070711 0.070711 0.070711 0.070711 0.070711 0.070711 0.070711 
<LogVarVal> 28.993713
<TransP>
-0.405465 -1.098612 -10000000000.000000 -10000000000.000000 -10000000000.000000 -10000000000.000000 
-10000000000.000000 -0.693147 -0.693147 -10000000000.000000 -10000000000.000000 -10000000000.000000 
-10000000000.000000 -10000000000.000000 -0.693147 -0.693147 -10000000000.000000 -10000000000.000000 
-10000000000.000000 -10000000000.000000 -10000000000.000000 -0.693147 -0.693147 -10000000000.000000 
-10000000000.000000 -10000000000.000000 -10000000000.000000 -10000000000.000000 -0.693147 -0.693147 
-10000000000.000000 -10000000000.000000 -10000000000.000000 -10000000000.000000 -10000000000.000000 0.000000 
<EndEmbeddedHMM>
<BeginEmbeddedHMM>
<NumStates> 6
<State> 0
<NumMixes> 3
<Mixture> 0 <Weight> 0.333333
<Mean>
1519.000000 -357.062988 -124.870117 -59.427486 -2.251099 -27.194904 -71.831322 0.435120 2.570835 
<Inverted_Deviation>
0.003349 0.004297 0.035873 0.005677 0.012226 0.028825 0.009423 0.023445 0.023441 
<LogVarVal> 44.921196
<Mixture> 1 <Weight> 0.333333
<Mean>
832.111084 -296.462769 20.188084 -372.028900 123.517906 24.505936 -14.599054 -17.916039 12.903952 
<Inverted_Deviation>
0.002496 0.006595 0.004953 0.005818 0.006232 0.007775 0.032272 0.016911 0.021509 
<LogVarVal> 47.907619
<Mixture> 2 <Weight> 0.333333
<Mean>
836.777771 -465.336853 128.266220 -86.635574 44.549042 38.494823 -64.938736 54.238716 -0.764425 
<Inverted_Deviation>
0.003548 0.008293 0.004696 0.011066 0.027042 0.025966 0.015638 0.014988 0.015433 
<LogVarVal> 45.240883
<State> 1
<NumMixes> 3
<Mixture> 0 <Weight> 0.333333
<Mean>
1754.500000 -16.040318 11.414783 -304.355713 1.637760 61.832729 -185.764252 18.900551 -19.472939 
<Inverted_Deviation>
0.037891 0.044116 0.019339 0.041931 0.007854 0.013189 0.070711 0.019747 0.025417 
<LogVarVal> 38.083935
<Mixture> 1 <Weight> 0.333333
<Mean>
1328.333252 -18.336838 23.752851 -505.539795 7.862514 -37.353001 92.012589 -5.831257 -61.690086 
<Inverted_Deviation>
0.022448 0.018550 0.009683 0.070711 0.013842 0.017758 0.070711 0.008467 0.027642 
<LogVarVal> 39.541737
<Mixture> 2 <Weight> 0.333333
<Mean>
1934.416626 -0.575087 -41.304836 56.898262 -28.498297 45.529968 -74.316734 11.714581 21.377855 
<Inverted_Deviation>
0.070711 0.012619 0.070711 0.034270 0.010693 0.070711 0.070711 0.018103 0.070711 
<LogVarVal> 34.692982
<State> 2
<NumMixes> 3
<Mixture> 0 <Weight> 0.166667
<Mean>
1997.999878 -99.907539 -104.125381 -33.828697 -60.092342 -31.840771 -104.537262 -107.048111 -55.824455 
<Inverted_Deviation>
0.070711 0.070711 0.070711 0.070711 0.070711 0.070711 0.070711 0.070711 0.070711 
<LogVarVal> 28.993713
<Mixture> 1 <Weight> 0.500000
<Mean>
1714.444336 -196.625336 -18.170410 -339.363403 -136.469040 -2.161523 -107.585434 51.137920 50.197601 
<Inverted_Deviation>
0.004876 0.014368 0.008725 0.006252 0.019746 0.010314 0.010800 0.007508 0.033020 
<LogVarVal> 45.863586
<Mixture> 2 <Weight> 0.333333
<Mean>
1815.791626 78.470268 -4.487735 297.293213 -138.805527 -26.255381 -168.630051 90.986069 -10.871399 
<Inverted_Deviation>
0.014925 0.070711 0.027723 0.008476 0.027021 0.042545 0.023867 0.025575 0.009443 
<LogVarVal> 39.193314
<State> 3
<NumMixes> 3
<Mixture> 0 <Weight> 0.333333
<Mean>
1695.041626 81.519005 197.772659 109.520744 152.414505 -34.076218 -123.681473 -17.571030 -30.700502 
<Inverted_Deviation>
0.009907 0.005952 0.051249 0.003981 0.027572 0.012127 0.025311 0.007219 0.051779 
<LogVarVal> 42.958755
<Mixture> 1 <Weight> 0.500000
<Mean>
1707.333374 244.643463 -54.301598 -209.903748 27.282993 -23.661444 -102.965118 -46.013420 17.937889 
<Inverted_Deviation>
0.004385 0.027553 0.005025 0.004338 0.014687 0.031268 0.011352 0.009822 0.015687 
<LogVarVal> 45.848640
<Mixture> 2 <Weight> 0.166667
<Mean>
1613.749878 173.634888 -53.291782 391.833771 71.258797 -83.649300 -228.928162 -75.914543 71.273384 
<Inverted_Deviation>
0.070711 0.070711 0.070711 0.070711 0.070711 0.070711 0.070711 0.070711 0.070711 
<LogVarVal> 28.993713
<State> 4
<NumMixes> 3
<Mixture> 0 <Weight> 0.500000
<Mean>
1624.027710 53.648617 -34.569992 -135.063568 38.153610 80.211235 -124.369705 6.852514 25.854286 
<Inverted_Deviation>
0.010202 0.020098 0.017789 0.004388 0.006616 0.022756 0.016221 0.059561 0.015628 
<LogVarVal> 43.003700
<Mixture> 1 <Weight> 0.333333
<Mean>
1217.750000 64.220818 31.443031 -424.506531 7.338825 20.751989 85.679337 -58.982750 -68.233109 
<Inverted_Deviation>
0.029157 0.018577 0.015674 0.043988 0.030123 0.022026 0.018887 0.007379 0.070711 
<LogVarVal> 38.797272
<Mixture> 2 <Weight> 0.166667
<Mean>
1659.166626 -175.284363 -102.771347 115.396828 111.672791 21.779396 -91.493042 7.271773 -49.872322 
<Inverted_Deviation>
0.070711 0.070711 0.070711 0.070711 0.070711 0.070711 0.070711 0.070711 0.070711 
<LogVarVal> 28.993713
<State> 5
<NumMixes> 3
<Mixture> 0 <Weight> 0.333333
<Mean>
1164.958252 344.833191 -54.698582 17.707296 34.185688 -101.065643 -49.129986 -45.495136 -21.122967 
<Inverted_Deviation>
0.070711 0.070711 0.012939 0.009553 0.010583 0.020597 0.017832 0.014843 0.024194 
<LogVarVal> 39.837749
<Mixture> 1 <Weight> 0.500000
<Mean>
1207.416748 117.760330 -104.957336 -245.938507 -150.180099 4.720710 -38.070026 44.903412 35.460396 
<Inverted_Deviation>
0.003853 0.005244 0.008939 0.009925 0.017072 0.012427 0.009305 0.013332 0.039028 
<LogVarVal> 45.987434
<Mixture> 2 <Weight> 0.166667
<Mean>
1508.583252 273.090149 -51.009674 108.401886 -64.699371 -55.264164 -38.597218 -72.033150 -3.716506 
<Inverted_Deviation>
0.070711 0.070711 0.070711 0.070711 0.070711 0.070711 0.070711 0.070711 0.070711 
<LogVarVal> 28.993713
<TransP>
-0.405465 -1.098612 -10000000000.000000 -10000000000.000000 -10000000000.000000 -10000000000.000000 
-10000000000.000000 -0.693147 -0.693147 -10000000000.000000 -10000000000.000000 -10000000000.000000 
-10000000000.000000 -10000000000.000000 -0.693147 -0.693147 -10000000000.000000 -10000000000.000000 
-10000000000.000000 -10000000000.000000 -10000000000.000000 -0.693147 -0.693147 -10000000000.000000 
-10000000000.000000 -10000000000.000000 -10000000000.000000 -10000000000.000000 -0.693147 -0.693147 
-10000000000.000000 -10000000000.000000 -10000000000.000000 -10000000000.000000 -10000000000.000000 0.000000 
<EndEmbeddedHMM>
<BeginEmbeddedHMM>
<NumStates> 6
<State> 0
<NumMixes> 3
<Mixture> 0 <Weight> 0.333333
<Mean>
1477.111084 -358.809052 -146.992157 150.034943 69.448471 23.647423 -23.561356 -16.958132 11.592021 
<Inverted_Deviation>
0.004823 0.010497 0.025605 0.018519 0.013776 0.016751 0.039714 0.027047 0.019241 
<LogVarVal> 41.857277
<Mixture> 1 <Weight> 0.222222
<Mean>
1087.500000 -556.898682 -46.299335 126.784317 18.492685 -61.977360 -21.748259 -3.444368 32.538109 
<Inverted_Deviation>
0.010991 0.070711 0.019790 0.022418 0.070711 0.014374 0.022574 0.016825 0.070711 
<LogVarVal> 37.448055
<Mixture> 2 <Weight> 0.444444
<Mean>
612.125000 -358.725098 155.266510 131.591934 -95.315796 -11.067688 -17.625519 25.880999 -12.215838 
<Inverted_Deviation>
0.004712 0.005742 0.021861 0.019119 0.018577 0.008264 0.029935 0.033102 0.016837 
<LogVarVal> 43.231789
<State> 1
<NumMixes> 3
<Mixture> 0 <Weight> 0.333333
<Mean>
1698.708252 84.256714 -51.202461 146.681015 -49.718918 -48.824501 -47.746597 29.738983 24.794706 
<Inverted_Deviation>
0.007846 0.030853 0.032857 0.007486 0.009878 0.028236 0.070711 0.021919 0.029319 
<LogVarVal> 39.971615
<Mixture> 1 <Weight> 0.500000
<Mean>
1854.222168 -42.280312 -58.319786 74.977020 14.306160 -3.949784 26.781979 -13.950068 -15.601779 
<Inverted_Deviation>
0.013875 0.008795 0.027157 0.070711 0.031953 0.031481 0.019272 0.016889 0.020165 
<LogVarVal> 39.253651
<Mixture> 2 <Weight> 0.166667
<Mean>
1610.416626 -64.906906 -114.601044 197.634842 -51.809258 137.783508 -69.226540 -28.712040 -25.678572 
<Inverted_Deviation>
0.070711 0.070711 0.070711 0.070711 0.070711 0.070711 0.070711 0.070711 0.070711 
<LogVarVal> 28.993713
<State> 2
<NumMixes> 3
<Mixture> 0 <Weight> 0.333333
<Mean>
1322.416626 202.928345 20.794025 12.396706 121.295624 22.755695 -46.035568 -18.856638 -3.593296 
<Inverted_Deviation>
0.022934 0.013289 0.060124 0.006213 0.016599 0.070711 0.011884 0.011214 0.025228 
<LogVarVal> 40.490200
<Mixture> 1 <Weight> 0.500000
<Mean>
1631.333374 209.958893 -9.071942 132.015884 -72.612900 2.065639 119.146294 -73.827629 8.385682 
<Inverted_Deviation>
0.007321 0.039631 0.036792 0.006003 0.006277 0.011263 0.005421 0.052438 0.023050 
<LogVarVal> 43.207150
<Mixture> 2 <Weight> 0.166667
<Mean>
1465.250000 154.403931 10.638953 259.513031 87.600449 -73.104385 -73.213127 32.408009 -24.180981 
<Inverted_Deviation>
0.070711 0.070711 0.070711 0.070711 0.070711 0.070711 0.070711 0.070711 0.070711 
<LogVarVal> 28.993713
<State> 3
<NumMixes> 3
<Mixture> 0 <Weight> 0.333333
<Mean>
1204.791626 -144.291580 84.195305 44.411896 -162.183884 30.076210 -39.539066 24.498322 -2.204541 
<Inverted_Deviation>
0.013968 0.009785 0.045311 0.007823 0.023519 0.070711 0.014032 0.008669 0.044592 
<LogVarVal> 40.517731
<Mixture> 1 <Weight> 0.333333
<Mean>
1373.583252 -27.698364 106.309586 278.599304 136.226074 -30.090195 216.863007 87.746643 -16.982128 
<Inverted_Deviation>
0.018689 0.004537 0.010090 0.015726 0.013390 0.006899 0.018596 0.028432 0.017209 
<LogVarVal> 44.172138
<Mixture> 2 <Weight> 0.333333
<Mean>
1162.500000 78.262619 68.961082 -42.313011 -10.054928 66.646423 -33.363640 -5.186756 -12.916825 
<Inverted_Deviation>
0.070711 0.070711 0.024348 0.007939 0.070711 0.024088 0.007324 0.070711 0.031157 
<LogVarVal> 36.410542
<State> 4
<NumMixes> 3
<Mixture> 0 <Weight> 0.333333
<Mean>
1343.166626 104.111046 -80.113365 173.346619 70.677628 -14.389716 -29.173981 -30.448187 -7.981943 
<Inverted_Deviation>
0.006816 0.018965 0.062659 0.014697 0.013653 0.041076 0.070711 0.022019 0.040299 
<LogVarVal> 38.257751
<Mixture> 1 <Weight> 0.500000
<Mean>
1529.861084 -84.078941 -129.254745 112.396057 -51.270996 -3.595520 25.022877 30.624596 41.555405 
<Inverted_Deviation>
0.008296 0.004335 0.064196 0.023318 0.018112 0.012599 0.018565 0.029806 0.022469 
<LogVarVal> 41.569035
<Mixture> 2 <Weight> 0.166667
<Mean>
1220.833252 -105.734482 -53.665951 225.125732 -47.562008 -128.693115 -53.013023 -29.802170 -29.315325 
<Inverted_Deviation>
0.070711 0.070711 0.070711 0.070711 0.070711 0.070711 0.070711 0.070711 0.070711 
<LogVarVal> 28.993713
<State> 5
<NumMixes> 3
<Mixture> 0 <Weight> 0.333333
<Mean>
757.458313 378.133179 -32.776138 142.010544 -37.623337 -19.670536 4.060496 -28.866791 45.153519 
<Inverted_Deviation>
0.007676 0.026173 0.070711 0.068425 0.015052 0.010882 0.029534 0.070711 0.035803 
<LogVarVal> 37.213161
<Mixture> 1 <Weight> 0.333333
<Mean>
1305.375000 284.183533 -8.857639 124.363953 37.374470 2.082062 5.298237 5.088289 -23.559158 
<Inverted_Deviation>
0.009340 0.043151 0.070711 0.053011 0.067218 0.024516 0.056003 0.045907 0.070711 
<LogVarVal> 33.575108
<Mixture> 2 <Weight> 0.333333
<Mean>
1030.666626 291.016235 -38.327377 166.851212 -20.563913 76.378586 -35.691422 45.048084 -28.082687 
<Inverted_Deviation>
0.040406 0.023419 0.020109 0.052854 0.070711 0.070711 0.070711 0.020426 0.038221 
<LogVarVal> 34.063866
<TransP>
-0.405465 -1.098612 -10000000000.000000 -10000000000.000000 -10000000000.000000 -10000000000.000000 
-10000000000.000000 -0.693147 -0.693147 -10000000000.000000 -10000000000.000000 -10000000000.000000 
-10000000000.000000 -10000000000.000000 -0.693147 -0.693147 -10000000000.000000 -10000000000.000000 
-10000000000.000000 -10000000000.000000 -10000000000.000000 -0.693147 -0.693147 -10000000000.000000 
-10000000000.000000 -10000000000.000000 -10000000000.000000 -10000000000.000000 -0.693147 -0.693147 
-10000000000.000000 -10000000000.000000 -10000000000.000000 -10000000000.000000 -10000000000.000000 0.000000 
<EndEmbeddedHMM>
<BeginEmbeddedHMM>
<NumStates> 3
<State> 0
<NumMixes> 3
<Mixture> 0 <Weight> 0.357143
<Mean>
953.250000 -323.722382 -61.968685 60.332924 -72.579773 -63.953175 94.459618 79.308716 -4.777786 
<Inverted_Deviation>
0.005746 0.005785 0.006703 0.003479 0.005585 0.014068 0.008547 0.014146 0.023175 
<LogVarVal> 48.366249
<Mixture> 1 <Weight> 0.428571
<Mean>
437.111084 -149.791000 60.835899 -46.308586 -37.769314 47.104614 112.954330 -36.829041 -20.678720 
<Inverted_Deviation>
0.005297 0.006389 0.009906 0.003240 0.005903 0.014636 0.006054 0.011291 0.015122 
<LogVarVal> 48.930981
<Mixture> 2 <Weight> 0.214286
<Mean>
1286.638916 -44.891243 -51.149811 125.567123 76.362885 2.757919 -11.542521 17.550104 38.600937 
<Inverted_Deviation>
0.014826 0.009782 0.007570 0.006240 0.007653 0.017463 0.022147 0.008676 0.021450 
<LogVarVal> 45.269783
<State> 1
<NumMixes> 3
<Mixture> 0 <Weight> 0.153846
<Mean>
1166.333252 99.314590 -81.060463 11.251322 34.768478 30.951799 -55.588242 -7.303524 41.094116 
<Inverted_Deviation>
0.070711 0.070711 0.020746 0.009701 0.030411 0.012489 0.061670 0.020963 0.016508 
<LogVarVal> 37.591309
<Mixture> 1 <Weight> 0.384615
<Mean>
1199.766479 78.297020 15.616251 164.301224 13.130205 1.729229 112.368362 -19.824030 -7.485231 
<Inverted_Deviation>
0.004714 0.013365 0.031494 0.031118 0.011953 0.016123 0.020931 0.008233 0.014201 
<LogVarVal> 43.226345
<Mixture> 2 <Weight> 0.461538
<Mean>
951.513855 58.332256 37.043564 -7.196971 -2.379991 5.255047 -23.287464 -3.990122 -12.479175 
<Inverted_Deviation>
0.010939 0.007407 0.035927 0.033875 0.010935 0.020029 0.034663 0.014712 0.026783 
<LogVarVal> 40.910889
<State> 2
<NumMixes> 3
<Mixture> 0 <Weight> 0.416667
<Mean>
857.166626 118.462440 -65.285324 87.449699 -42.921669 -3.981197 -1.712959 -33.786636 31.891523 
<Inverted_Deviation>
0.016089 0.006522 0.034373 0.009014 0.010770 0.016552 0.024759 0.023479 0.020942 
<LogVarVal> 42.341381
<Mixture> 1 <Weight> 0.166667
<Mean>
1049.208252 5.216991 -48.060806 156.874344 -38.571892 15.419357 90.028427 69.217186 -39.334557 
<Inverted_Deviation>
0.070711 0.011256 0.038468 0.063305 0.047172 0.023637 0.025121 0.014843 0.019130 
<LogVarVal> 36.954731
<Mixture> 2 <Weight> 0.416667
<Mean>
452.200012 277.318329 34.412338 81.003494 44.143841 -24.300323 43.002590 1.514444 -26.494043 
<Inverted_Deviation>
0.006102 0.015231 0.008652 0.009054 0.015763 0.014656 0.027967 0.021331 0.047895 
<LogVarVal> 42.725395
<TransP>
-0.241162 -1.540445 -10000000000.000000 
-10000000000.000000 -0.262364 -1.466337 
-10000000000.000000 -10000000000.000000 0.000000 
<EndEmbeddedHMM>
