<NumSuperStates> 5
<NumStates> 3 6 6 6 3 
<NumMixtures> 3 3 3 3 3 3 3 3 3 3 3 3 3 3 3 3 3 3 3 3 3 3 3 3 
<VecSize> 9
<BeginExternalHMM>
<NumStates> 5
<TransP>
-0.405465 -1.098612 -10000000000.000000 -10000000000.000000 -10000000000.000000 
-10000000000.000000 -0.405465 -1.098612 -10000000000.000000 -10000000000.000000 
-10000000000.000000 -10000000000.000000 -0.405465 -1.098612 -10000000000.000000 
-10000000000.000000 -10000000000.000000 -10000000000.000000 -0.405465 -1.098612 
-10000000000.000000 -10000000000.000000 -10000000000.000000 -10000000000.000000 0.000000 
<EndExternalHMM>
<BeginEmbeddedHMM>
<NumStates> 3
<State> 0
<NumMixes> 3
<Mixture> 0 <Weight> 0.500000
<Mean>
224.635422 -7.733951 6.152551 26.336946 10.459181 -2.971802 14.408245 -0.824118 0.144137 
<Inverted_Deviation>
0.024439 0.049093 0.070711 0.035163 0.034909 0.049601 0.051352 0.054932 0.070711 
<LogVarVal> 32.752422
<Mixture> 1 <Weight> 0.312500
<Mean>
321.000000 -0.203205 11.197701 64.151016 17.810276 8.293079 7.990692 2.004168 4.173674 
<Inverted_Deviation>
0.030323 0.017896 0.024963 0.028636 0.019063 0.026479 0.034538 0.025622 0.038557 
<LogVarVal> 37.790718
<Mixture> 2 <Weight> 0.187500
<Mean>
315.750000 -85.829086 9.703059 -39.250851 45.329521 11.789958 3.612570 13.550047 3.650908 
<Inverted_Deviation>
0.016382 0.024378 0.032369 0.037191 0.070711 0.033420 0.022206 0.044577 0.024058 
<LogVarVal> 36.392097
<State> 1
<NumMixes> 3
<Mixture> 0 <Weight> 0.545455
<Mean>
476.236145 -76.552490 -0.885362 -119.526184 57.509747 -4.785671 36.970291 -18.049360 2.664806 
<Inverted_Deviation>
0.009373 0.013897 0.009280 0.011431 0.015830 0.014306 0.035013 0.024332 0.052270 
<LogVarVal> 41.660961
<Mixture> 1 <Weight> 0.181818
<Mean>
1009.583252 -147.577728 -167.332825 -192.576111 51.814903 -28.142555 -136.050781 64.454620 51.809208 
<Inverted_Deviation>
0.014213 0.064326 0.033613 0.003297 0.006389 0.010387 0.003516 0.005831 0.068140 
<LogVarVal> 44.357788
<Mixture> 2 <Weight> 0.272727
<Mean>
745.805542 -250.150879 58.101318 -145.529938 1.659480 24.036129 -34.787819 84.986145 -40.522522 
<Inverted_Deviation>
0.007378 0.008013 0.031732 0.010698 0.005461 0.020771 0.010467 0.007820 0.013925 
<LogVarVal> 45.644249
<State> 2
<NumMixes> 3
<Mixture> 0 <Weight> 0.083333
<Mean>
1068.333252 156.990509 -58.841404 -6.009087 137.689514 -29.680191 -391.615479 -59.075489 132.390915 
<Inverted_Deviation>
0.070711 0.070711 0.070711 0.070711 0.070711 0.070711 0.070711 0.070711 0.070711 
<LogVarVal> 28.993713
<Mixture> 1 <Weight> 0.583333
<Mean>
376.476196 106.837288 27.169456 -100.852570 -61.206802 -19.093166 33.686657 22.999605 4.198787 
<Inverted_Deviation>
0.006982 0.016729 0.037144 0.011619 0.016138 0.033687 0.021979 0.026376 0.042772 
<LogVarVal> 40.076401
<Mixture> 2 <Weight> 0.333333
<Mean>
769.020813 241.544525 -10.884100 -258.967987 -59.972725 53.630310 -37.038368 -85.388885 -42.542236 
<Inverted_Deviation>
0.004804 0.037811 0.018740 0.004753 0.007071 0.015646 0.004292 0.007592 0.035633 
<LogVarVal> 45.866360
<TransP>
-0.207639 -1.673976 -10000000000.000000 
-10000000000.000000 -0.318454 -1.299283 
-10000000000.000000 -10000000000.000000 0.000000 
<EndEmbeddedHMM>
<BeginEmbeddedHMM>
<NumStates> 6
<State> 0
<NumMixes> 3
<Mixture> 0 <Weight> 0.222222
<Mean>
875.916626 -202.194275 -68.523392 -482.259186 27.634579 104.430244 147.383682 -26.743195 -18.229832 
<Inverted_Deviation>
0.005726 0.006404 0.070711 0.021024 0.004619 0.017970 0.049728 0.019036 0.070711 
<LogVarVal> 40.884628
<Mixture> 1 <Weight> 0.666667
<Mean>
309.569458 -75.563316 14.946837 -123.094543 62.844749 -7.014929 46.792076 -12.785914 -2.566150 
<Inverted_Deviation>
0.007134 0.016226 0.040197 0.009149 0.019943 0.026180 0.022409 0.012818 0.023796 
<LogVarVal> 41.574417
<Mixture> 2 <Weight> 0.111111
<Mean>
487.916656 -236.752350 122.636513 -275.098022 233.416061 -102.696236 67.891014 -59.619690 20.460678 
<Inverted_Deviation>
0.070711 0.070711 0.070711 0.070711 0.070711 0.070711 0.070711 0.070711 0.070711 
<LogVarVal> 28.993713
<State> 1
<NumMixes> 3
<Mixture> 0 <Weight> 0.166667
<Mean>
1078.333252 -73.247910 121.971458 -441.442017 106.498947 -37.499229 171.538757 -5.683370 -59.379261 
<Inverted_Deviation>
0.070711 0.070711 0.070711 0.070711 0.070711 0.070711 0.070711 0.070711 0.070711 
<LogVarVal> 28.993713
<Mixture> 1 <Weight> 0.666667
<Mean>
535.270813 -61.416756 2.392328 -181.369461 -59.622025 7.963833 46.058510 9.085930 6.386406 
<Inverted_Deviation>
0.008170 0.031422 0.013270 0.025688 0.028071 0.010842 0.011779 0.010209 0.015553 
<LogVarVal> 42.689518
<Mixture> 2 <Weight> 0.166667
<Mean>
1025.000000 57.226036 -32.596642 -437.819458 -82.354919 -100.504715 188.169098 -16.112740 35.831669 
<Inverted_Deviation>
0.070711 0.070711 0.070711 0.070711 0.070711 0.070711 0.070711 0.070711 0.070711 
<LogVarVal> 28.993713
<State> 2
<NumMixes> 3
<Mixture> 0 <Weight> 0.333333
<Mean>
1219.125000 -60.839344 -238.093536 -426.333557 -10.905679 106.151596 99.113152 19.679230 37.273151 
<Inverted_Deviation>
0.003313 0.022704 0.021041 0.004971 0.021146 0.012746 0.005926 0.009659 0.010234 
<LogVarVal> 46.380997
<Mixture> 1 <Weight> 0.500000
<Mean>
732.250000 -160.077881 23.977779 -137.575043 45.626934 4.172160 13.023750 -14.776256 14.565222 
<Inverted_Deviation>
0.006991 0.007658 0.025913 0.008674 0.007832 0.007138 0.008973 0.008929 0.027413 
<LogVarVal> 46.207485
<Mixture> 2 <Weight> 0.166667
<Mean>
1312.000000 -350.680573 63.527645 -540.978027 103.787949 39.045506 84.329582 158.461426 -47.454853 
<Inverted_Deviation>
0.070711 0.070711 0.070711 0.070711 0.070711 0.070711 0.070711 0.070711 0.070711 
<LogVarVal> 28.993713
<State> 3
<NumMixes> 3
<Mixture> 0 <Weight> 0.500000
<Mean>
943.416687 183.603943 45.189903 -211.771606 -156.815552 4.196219 152.027023 13.016111 -37.860180 
<Inverted_Deviation>
0.007105 0.016770 0.015483 0.005689 0.020938 0.015030 0.010332 0.007516 0.070711 
<LogVarVal> 43.699913
<Mixture> 1 <Weight> 0.333333
<Mean>
924.166626 -124.692017 0.414267 219.234039 -203.552338 -61.694016 50.663990 -112.839981 8.944763 
<Inverted_Deviation>
0.010633 0.070711 0.026963 0.007361 0.008496 0.008385 0.011805 0.036109 0.034852 
<LogVarVal> 41.535561
<Mixture> 2 <Weight> 0.166667
<Mean>
1346.500000 334.095001 1.780075 -517.916321 -83.948296 -7.084980 -31.300367 -111.688118 40.888882 
<Inverted_Deviation>
0.070711 0.070711 0.070711 0.070711 0.070711 0.070711 0.070711 0.070711 0.070711 
<LogVarVal> 28.993713
<State> 4
<NumMixes> 3
<Mixture> 0 <Weight> 0.500000
<Mean>
818.722168 -57.928162 20.025749 -25.953842 9.298605 -39.245670 71.212921 33.164352 8.430339 
<Inverted_Deviation>
0.008407 0.026268 0.025628 0.006787 0.016062 0.019698 0.009244 0.017821 0.021405 
<LogVarVal> 42.839970
<Mixture> 1 <Weight> 0.333333
<Mean>
996.750000 92.066277 -62.217781 219.125031 187.220184 -26.011627 119.746109 74.135773 -26.659237 
<Inverted_Deviation>
0.015714 0.008655 0.037305 0.007139 0.022745 0.019364 0.036000 0.018148 0.008372 
<LogVarVal> 42.128971
<Mixture> 2 <Weight> 0.166667
<Mean>
903.416626 40.508461 48.541161 -242.661118 -128.046265 -76.974983 154.767288 -31.779224 0.029704 
<Inverted_Deviation>
0.070711 0.070711 0.070711 0.070711 0.070711 0.070711 0.070711 0.070711 0.070711 
<LogVarVal> 28.993713
<State> 5
<NumMixes> 3
<Mixture> 0 <Weight> 0.333333
<Mean>
674.166626 271.984772 -53.884068 -159.570374 -13.831451 65.580063 44.925446 -4.673094 43.472507 
<Inverted_Deviation>
0.006932 0.024872 0.027864 0.012070 0.070711 0.013605 0.034603 0.016645 0.016350 
<LogVarVal> 40.333809
<Mixture> 1 <Weight> 0.500000
<Mean>
644.888916 179.953339 -15.829313 -61.434479 61.817608 40.745316 15.594336 -5.241211 8.638407 
<Inverted_Deviation>
0.005621 0.009787 0.013028 0.059992 0.007454 0.017976 0.052441 0.052587 0.017665 
<LogVarVal> 40.960663
<Mixture> 2 <Weight> 0.166667
<Mean>
958.999939 -6.279403 -109.102676 -209.902359 54.199615 8.140100 99.576370 91.550331 -51.619919 
<Inverted_Deviation>
0.070711 0.070711 0.070711 0.070711 0.070711 0.070711 0.070711 0.070711 0.070711 
<LogVarVal> 28.993713
<TransP>
-0.405465 -1.098612 -10000000000.000000 -10000000000.000000 -10000000000.000000 -10000000000.000000 
-10000000000.000000 -0.693147 -0.693147 -10000000000.000000 -10000000000.000000 -10000000000.000000 
-10000000000.000000 -10000000000.000000 -0.693147 -0.693147 -10000000000.000000 -10000000000.000000 
-10000000000.000000 -10000000000.000000 -10000000000.000000 -0.693147 -0.693147 -10000000000.000000 
-10000000000.000000 -10000000000.000000 -10000000000.000000 -10000000000.000000 -0.693147 -0.693147 
-10000000000.000000 -10000000000.000000 -10000000000.000000 -10000000000.000000 -10000000000.000000 0.000000 
<EndEmbeddedHMM>
<BeginEmbeddedHMM>
<NumStates> 6
<State> 0
<NumMixes> 3
<Mixture> 0 <Weight> 0.222222
<Mean>
1838.416626 -113.762405 -83.160011 1.123287 79.276627 -41.806782 -56.719009 34.903484 -7.069765 
<Inverted_Deviation>
0.070711 0.018175 0.032967 0.009097 0.015860 0.062999 0.026134 0.025750 0.070711 
<LogVarVal> 36.781754
<Mixture> 1 <Weight> 0.333333
<Mean>
1102.194458 -301.709320 -28.160015 -364.413208 112.851089 9.327372 -175.913208 44.065636 17.361874 
<Inverted_Deviation>
0.002365 0.003629 0.004482 0.006175 0.009718 0.013930 0.014982 0.008521 0.012625 
<LogVarVal> 49.557537
<Mixture> 2 <Weight> 0.444444
<Mean>
1166.145752 -525.356445 -7.340672 7.480439 -33.498596 10.249663 -42.581711 -2.554714 4.952444 
<Inverted_Deviation>
0.002729 0.049488 0.004179 0.011295 0.034184 0.012293 0.033367 0.014841 0.011984 
<LogVarVal> 43.831749
<State> 1
<NumMixes> 3
<Mixture> 0 <Weight> 0.500000
<Mean>
1914.916748 20.828220 2.462850 -51.438427 -62.454327 73.450684 -107.398132 16.411541 -22.603558 
<Inverted_Deviation>
0.053683 0.010508 0.013625 0.005303 0.007339 0.024159 0.024628 0.028039 0.009800 
<LogVarVal> 42.707878
<Mixture> 1 <Weight> 0.333333
<Mean>
1494.375000 -30.425858 70.863800 -541.851807 11.717176 25.754015 -160.086990 -5.644819 -41.640671 
<Inverted_Deviation>
0.026398 0.007356 0.024635 0.050989 0.021429 0.010534 0.070711 0.010898 0.066121 
<LogVarVal> 38.658394
<Mixture> 2 <Weight> 0.166667
<Mean>
1965.916626 -42.821049 -30.458836 64.292755 26.902700 41.780075 -25.036055 -20.077654 78.812645 
<Inverted_Deviation>
0.070711 0.070711 0.070711 0.070711 0.070711 0.070711 0.070711 0.070711 0.070711 
<LogVarVal> 28.993713
<State> 2
<NumMixes> 3
<Mixture> 0 <Weight> 0.333333
<Mean>
1846.458252 138.567047 -170.404877 278.941010 -38.948082 -99.160141 -140.964233 21.378124 49.012466 
<Inverted_Deviation>
0.003644 0.022743 0.011220 0.003300 0.025613 0.010207 0.009419 0.018526 0.039981 
<LogVarVal> 44.875660
<Mixture> 1 <Weight> 0.500000
<Mean>
1923.222168 -182.404953 -67.955856 -236.296234 -145.151321 -32.715607 -162.133179 -23.047369 -5.390670 
<Inverted_Deviation>
0.006064 0.004466 0.004085 0.004196 0.021954 0.018985 0.029730 0.024320 0.015426 
<LogVarVal> 45.828636
<Mixture> 2 <Weight> 0.166667
<Mean>
1867.249878 86.922554 71.450432 355.262634 -273.890747 21.120152 -119.165840 142.309479 -9.069176 
<Inverted_Deviation>
0.070711 0.070711 0.070711 0.070711 0.070711 0.070711 0.070711 0.070711 0.070711 
<LogVarVal> 28.993713
<State> 3
<NumMixes> 3
<Mixture> 0 <Weight> 0.333333
<Mean>
1629.500000 -82.952209 51.557289 50.907104 191.781830 -3.844622 -97.491142 -12.189928 -36.419090 
<Inverted_Deviation>
0.020498 0.005210 0.070711 0.004979 0.032103 0.012432 0.070711 0.009815 0.025219 
<LogVarVal> 41.026798
<Mixture> 1 <Weight> 0.500000
<Mean>
1688.000000 299.090607 59.600159 -182.629913 102.671173 -27.681499 -107.287613 -25.958309 6.640811 
<Inverted_Deviation>
0.003296 0.010608 0.033537 0.004007 0.013951 0.017536 0.020261 0.020448 0.017797 
<LogVarVal> 44.460712
<Mixture> 2 <Weight> 0.166667
<Mean>
1577.250000 103.746552 170.228928 426.894470 224.411270 -61.425880 -176.188049 -107.256638 61.882843 
<Inverted_Deviation>
0.070711 0.070711 0.070711 0.070711 0.070711 0.070711 0.070711 0.070711 0.070711 
<LogVarVal> 28.993713
<State> 4
<NumMixes> 3
<Mixture> 0 <Weight> 0.500000
<Mean>
1592.333374 109.956833 -33.615150 -97.011772 -50.517467 64.240273 -101.437149 -9.299848 24.910645 
<Inverted_Deviation>
0.018942 0.008182 0.048556 0.005859 0.006063 0.013754 0.013421 0.027184 0.057870 
<LogVarVal> 42.245857
<Mixture> 1 <Weight> 0.333333
<Mean>
1219.708252 17.208736 48.765846 -450.847961 -31.426056 55.789650 -42.734985 1.410475 -46.096706 
<Inverted_Deviation>
0.056366 0.010049 0.070711 0.046893 0.009706 0.070711 0.070711 0.010878 0.030118 
<LogVarVal> 36.293518
<Mixture> 2 <Weight> 0.166667
<Mean>
1702.500000 -61.173218 -165.171722 60.941910 28.154264 89.230698 -40.700687 21.331930 -5.046633 
<Inverted_Deviation>
0.070711 0.070711 0.070711 0.070711 0.070711 0.070711 0.070711 0.070711 0.070711 
<LogVarVal> 28.993713
<State> 5
<NumMixes> 3
<Mixture> 0 <Weight> 0.333333
<Mean>
1061.708252 257.552185 56.418156 55.371624 61.345501 -6.194145 -52.267246 27.476353 -44.485466 
<Inverted_Deviation>
0.018751 0.063117 0.070711 0.010402 0.017282 0.010610 0.065984 0.009340 0.070711 
<LogVarVal> 37.750526
<Mixture> 1 <Weight> 0.500000
<Mean>
1168.666626 183.422943 -69.487389 -162.290070 -119.235985 -61.841469 -88.582153 -13.091209 20.483009 
<Inverted_Deviation>
0.004340 0.006355 0.028894 0.006907 0.011985 0.013495 0.070711 0.017321 0.070711 
<LogVarVal> 42.252621
<Mixture> 2 <Weight> 0.166667
<Mean>
1335.583252 304.002228 -2.288093 115.368431 -12.134247 -52.590698 -8.547435 -30.499012 -37.662014 
<Inverted_Deviation>
0.070711 0.070711 0.070711 0.070711 0.070711 0.070711 0.070711 0.070711 0.070711 
<LogVarVal> 28.993713
<TransP>
-0.405465 -1.098612 -10000000000.000000 -10000000000.000000 -10000000000.000000 -10000000000.000000 
-10000000000.000000 -0.693147 -0.693147 -10000000000.000000 -10000000000.000000 -10000000000.000000 
-10000000000.000000 -10000000000.000000 -0.693147 -0.693147 -10000000000.000000 -10000000000.000000 
-10000000000.000000 -10000000000.000000 -10000000000.000000 -0.693147 -0.693147 -10000000000.000000 
-10000000000.000000 -10000000000.000000 -10000000000.000000 -10000000000.000000 -0.693147 -0.693147 
-10000000000.000000 -10000000000.000000 -10000000000.000000 -10000000000.000000 -10000000000.000000 0.000000 
<EndEmbeddedHMM>
<BeginEmbeddedHMM>
<NumStates> 6
<State> 0
<NumMixes> 3
<Mixture> 0 <Weight> 0.333333
<Mean>
1586.305542 -282.691589 -121.726036 163.630981 67.543114 59.064617 -26.951027 -13.278219 0.769872 
<Inverted_Deviation>
0.004533 0.010707 0.012499 0.008885 0.017984 0.020114 0.019245 0.023969 0.015018 
<LogVarVal> 43.994583
<Mixture> 1 <Weight> 0.222222
<Mean>
1199.791626 -552.905029 -124.124481 152.170685 68.837471 -39.380005 -0.383467 14.299500 47.894653 
<Inverted_Deviation>
0.007356 0.019866 0.027074 0.070711 0.032143 0.010586 0.053860 0.030765 0.070711 
<LogVarVal> 37.278297
<Mixture> 2 <Weight> 0.444444
<Mean>
691.125000 -439.708923 159.271576 164.831009 -92.860123 -46.467125 -8.730193 28.524387 -28.732555 
<Inverted_Deviation>
0.004080 0.006144 0.009910 0.028972 0.012219 0.006638 0.058668 0.038796 0.033906 
<LogVarVal> 42.790012
<State> 1
<NumMixes> 3
<Mixture> 0 <Weight> 0.333333
<Mean>
1634.416504 129.529053 -22.808174 210.738052 -5.096232 -104.366928 -53.281693 14.604263 -21.012125 
<Inverted_Deviation>
0.011529 0.017088 0.012577 0.009712 0.043018 0.024196 0.003967 0.006710 0.010332 
<LogVarVal> 44.668079
<Mixture> 1 <Weight> 0.500000
<Mean>
1868.305542 8.045406 -77.309265 66.579185 -12.224966 29.399612 13.800695 11.419459 8.924288 
<Inverted_Deviation>
0.010788 0.008204 0.054185 0.014754 0.010008 0.014482 0.006978 0.008273 0.011516 
<LogVarVal> 44.678440
<Mixture> 2 <Weight> 0.166667
<Mean>
1603.083252 29.415873 -92.231644 244.304337 -84.222664 24.808786 40.234554 -143.222504 59.510464 
<Inverted_Deviation>
0.070711 0.070711 0.070711 0.070711 0.070711 0.070711 0.070711 0.070711 0.070711 
<LogVarVal> 28.993713
<State> 2
<NumMixes> 3
<Mixture> 0 <Weight> 0.333333
<Mean>
1325.208252 244.726227 29.177265 7.297153 131.343079 34.242985 -276.528687 -38.169403 20.459698 
<Inverted_Deviation>
0.005501 0.023119 0.016536 0.009943 0.013604 0.024448 0.063763 0.052457 0.023197 
<LogVarVal> 40.306923
<Mixture> 1 <Weight> 0.333333
<Mean>
1596.041504 222.709259 10.092662 147.322998 -118.738350 -25.824059 332.370789 -144.218811 -57.604462 
<Inverted_Deviation>
0.005359 0.070711 0.070711 0.019221 0.014663 0.007502 0.011168 0.009666 0.009789 
<LogVarVal> 42.505730
<Mixture> 2 <Weight> 0.333333
<Mean>
1378.833252 119.014839 -17.809462 186.498199 108.829170 15.303701 123.577057 67.876099 -1.353072 
<Inverted_Deviation>
0.012387 0.026327 0.023903 0.014855 0.034287 0.015267 0.022384 0.042517 0.021940 
<LogVarVal> 39.454460
<State> 3
<NumMixes> 3
<Mixture> 0 <Weight> 0.333333
<Mean>
1235.416626 -180.982132 70.313156 36.478989 -142.511749 24.102036 -209.963623 -25.453667 5.733441 
<Inverted_Deviation>
0.008451 0.007333 0.008184 0.011334 0.027813 0.009270 0.045741 0.045038 0.031727 
<LogVarVal> 42.024380
<Mixture> 1 <Weight> 0.333333
<Mean>
1463.333252 -149.254776 92.671974 118.434860 93.045723 22.228014 248.668686 182.428741 -5.372194 
<Inverted_Deviation>
0.011165 0.005461 0.008065 0.015254 0.015358 0.013112 0.007983 0.070711 0.011243 
<LogVarVal> 44.337524
<Mixture> 2 <Weight> 0.333333
<Mean>
1221.291626 -8.290493 44.617126 192.553680 -104.035339 7.059111 88.966492 -22.234097 -2.284481 
<Inverted_Deviation>
0.070711 0.011966 0.067788 0.014845 0.069875 0.011197 0.070711 0.049361 0.016271 
<LogVarVal> 36.056839
<State> 4
<NumMixes> 3
<Mixture> 0 <Weight> 0.333333
<Mean>
1266.291626 196.484528 -35.351303 195.369659 75.541328 50.545979 -27.501839 9.485582 -20.993481 
<Inverted_Deviation>
0.006520 0.022336 0.031893 0.017943 0.061329 0.020557 0.027792 0.012399 0.021426 
<LogVarVal> 39.944069
<Mixture> 1 <Weight> 0.500000
<Mean>
1547.694336 79.830963 -132.179626 119.339600 -27.570639 -45.979576 -27.580090 -28.345661 21.109468 
<Inverted_Deviation>
0.008814 0.004931 0.009496 0.013962 0.018714 0.017770 0.011042 0.013044 0.032698 
<LogVarVal> 44.397758
<Mixture> 2 <Weight> 0.166667
<Mean>
1239.166626 -7.724905 -71.913345 265.919922 63.680542 -73.964569 69.468948 66.398445 -17.143906 
<Inverted_Deviation>
0.070711 0.070711 0.070711 0.070711 0.070711 0.070711 0.070711 0.070711 0.070711 
<LogVarVal> 28.993713
<State> 5
<NumMixes> 3
<Mixture> 0 <Weight> 0.333333
<Mean>
589.291626 329.956177 78.480125 133.254669 30.725491 -59.614594 6.093697 -40.977455 -10.493402 
<Inverted_Deviation>
0.008610 0.051746 0.021517 0.070711 0.013322 0.041070 0.032308 0.038029 0.066089 
<LogVarVal> 36.284943
<Mixture> 1 <Weight> 0.500000
<Mean>
1028.666748 311.392151 -10.710115 159.228683 -51.818047 52.799469 2.856587 3.686551 21.720190 
<Inverted_Deviation>
0.005289 0.023069 0.016575 0.026894 0.013680 0.039906 0.070711 0.045667 0.015596 
<LogVarVal> 39.287708
<Mixture> 2 <Weight> 0.166667
<Mean>
838.833313 357.527466 -85.250061 172.587784 -4.945574 -36.731873 -17.459291 -10.183578 33.389099 
<Inverted_Deviation>
0.070711 0.070711 0.070711 0.070711 0.070711 0.070711 0.070711 0.070711 0.070711 
<LogVarVal> 28.993713
<TransP>
-0.405465 -1.098612 -10000000000.000000 -10000000000.000000 -10000000000.000000 -10000000000.000000 
-10000000000.000000 -0.693147 -0.693147 -10000000000.000000 -10000000000.000000 -10000000000.000000 
-10000000000.000000 -10000000000.000000 -0.693147 -0.693147 -10000000000.000000 -10000000000.000000 
-10000000000.000000 -10000000000.000000 -10000000000.000000 -0.693147 -0.693147 -10000000000.000000 
-10000000000.000000 -10000000000.000000 -10000000000.000000 -10000000000.000000 -0.693147 -0.693147 
-10000000000.000000 -10000000000.000000 -10000000000.000000 -10000000000.000000 -10000000000.000000 0.000000 
<EndEmbeddedHMM>
<BeginEmbeddedHMM>
<NumStates> 3
<State> 0
<NumMixes> 3
<Mixture> 0 <Weight> 0.400000
<Mean>
1275.236084 29.814404 -27.431595 54.794674 3.241039 -2.987703 18.712019 36.074532 2.665366 
<Inverted_Deviation>
0.011778 0.017400 0.016893 0.011241 0.006723 0.011035 0.021513 0.011604 0.016209 
<LogVarVal> 44.139782
<Mixture> 1 <Weight> 0.400000
<Mean>
690.263916 -301.531616 8.023039 35.104843 -63.389660 7.441211 121.389420 -7.709099 -17.106926 
<Inverted_Deviation>
0.002442 0.004793 0.004579 0.004432 0.008153 0.010942 0.008901 0.010026 0.018907 
<LogVarVal> 49.928680
<Mixture> 2 <Weight> 0.200000
<Mean>
1081.166748 -69.527382 -22.041901 -573.592896 -209.493942 39.962868 124.867493 93.795532 24.179182 
<Inverted_Deviation>
0.010766 0.010842 0.005171 0.003420 0.007867 0.011739 0.007774 0.008260 0.021848 
<LogVarVal> 47.916363
<State> 1
<NumMixes> 3
<Mixture> 0 <Weight> 0.500000
<Mean>
1054.638916 104.933487 7.942038 89.327477 10.352633 -33.942795 19.845985 -7.462766 -3.818510 
<Inverted_Deviation>
0.010151 0.011548 0.017367 0.018606 0.012101 0.049391 0.008443 0.009143 0.019324 
<LogVarVal> 43.078106
<Mixture> 1 <Weight> 0.166667
<Mean>
1067.166626 47.595928 -37.687050 44.254951 -41.563950 49.006844 32.621151 73.885712 27.489395 
<Inverted_Deviation>
0.005564 0.016895 0.070711 0.030506 0.010857 0.027192 0.070711 0.045675 0.021786 
<LogVarVal> 38.252113
<Mixture> 2 <Weight> 0.333333
<Mean>
876.208313 -0.827625 23.344793 64.854782 3.073364 23.034698 -92.461006 -38.744949 4.852711 
<Inverted_Deviation>
0.010583 0.009228 0.014075 0.031194 0.016386 0.013937 0.008623 0.021844 0.024887 
<LogVarVal> 42.771221
<State> 2
<NumMixes> 3
<Mixture> 0 <Weight> 0.166667
<Mean>
677.708313 270.664124 -65.287247 145.987946 -6.504864 -56.969231 26.642889 -41.058449 -13.355740 
<Inverted_Deviation>
0.015846 0.012869 0.015398 0.017663 0.012964 0.022857 0.046407 0.044407 0.043570 
<LogVarVal> 39.300991
<Mixture> 1 <Weight> 0.416667
<Mean>
379.999969 187.297165 61.036282 12.220926 31.408625 24.022812 59.980068 25.547026 -23.185606 
<Inverted_Deviation>
0.007145 0.009862 0.023103 0.006647 0.008924 0.012812 0.021199 0.017712 0.018875 
<LogVarVal> 44.426800
<Mixture> 2 <Weight> 0.416667
<Mean>
880.049988 80.349541 -39.985367 62.985542 -3.532901 -9.118533 26.606611 -21.709682 12.779487 
<Inverted_Deviation>
0.007397 0.010059 0.018760 0.007354 0.008164 0.055369 0.017467 0.013939 0.018789 
<LogVarVal> 43.542500
<TransP>
-0.223144 -1.609438 -10000000000.000000 
-10000000000.000000 -0.287682 -1.386294 
-10000000000.000000 -10000000000.000000 0.000000 
<EndEmbeddedHMM>
