<NumSuperStates> 5
<NumStates> 3 6 6 6 3 
<NumMixtures> 3 3 3 3 3 3 3 3 3 3 3 3 3 3 3 3 3 3 3 3 3 3 3 3 
<VecSize> 9
<BeginExternalHMM>
<NumStates> 5
<TransP>
-0.405465 -1.098612 -10000000000.000000 -10000000000.000000 -10000000000.000000 
-10000000000.000000 -0.405465 -1.098612 -10000000000.000000 -10000000000.000000 
-10000000000.000000 -10000000000.000000 -0.405465 -1.098612 -10000000000.000000 
-10000000000.000000 -10000000000.000000 -10000000000.000000 -0.405465 -1.098612 
-10000000000.000000 -10000000000.000000 -10000000000.000000 -10000000000.000000 0.000000 
<EndExternalHMM>
<BeginEmbeddedHMM>
<NumStates> 3
<State> 0
<NumMixes> 3
<Mixture> 0 <Weight> 0.187500
<Mean>
295.944458 17.564034 1.799375 -125.118942 -35.328888 -3.847520 30.648001 34.914021 -10.948608 
<Inverted_Deviation>
0.010013 0.013270 0.070711 0.018548 0.026404 0.037952 0.016046 0.047541 0.029133 
<LogVarVal> 38.333862
<Mixture> 1 <Weight> 0.500000
<Mean>
195.395813 -4.872797 0.608655 -41.473633 8.143333 6.747143 13.731855 2.637181 -3.582478 
<Inverted_Deviation>
0.014158 0.017932 0.047331 0.056563 0.026105 0.068690 0.070711 0.070711 0.070711 
<LogVarVal> 33.624180
<Mixture> 2 <Weight> 0.312500
<Mean>
380.066650 -9.974099 -13.110219 -159.341461 60.157204 2.091863 -5.843055 -40.360199 14.862253 
<Inverted_Deviation>
0.011428 0.031861 0.042972 0.014077 0.060292 0.034201 0.013646 0.014041 0.030954 
<LogVarVal> 38.699089
<State> 1
<NumMixes> 3
<Mixture> 0 <Weight> 0.090909
<Mean>
420.333313 23.190615 -3.014147 -276.624451 5.249883 46.343655 126.844635 -62.162025 -22.041822 
<Inverted_Deviation>
0.070711 0.070711 0.070711 0.070711 0.070711 0.070711 0.070711 0.070711 0.070711 
<LogVarVal> 28.993713
<Mixture> 1 <Weight> 0.636364
<Mean>
237.666672 -50.135807 -0.128618 -6.752987 -4.640031 -7.069657 -0.448482 4.012526 4.952571 
<Inverted_Deviation>
0.011005 0.034171 0.032688 0.064254 0.040173 0.067221 0.024231 0.046776 0.070711 
<LogVarVal> 34.548794
<Mixture> 2 <Weight> 0.272727
<Mean>
366.250000 9.032310 9.939440 -127.517578 -81.748909 -11.138582 123.715134 29.514448 -9.446421 
<Inverted_Deviation>
0.061751 0.023513 0.055577 0.008824 0.021407 0.024817 0.025057 0.069004 0.034471 
<LogVarVal> 36.574432
<State> 2
<NumMixes> 3
<Mixture> 0 <Weight> 0.083333
<Mean>
315.000000 56.891323 -22.830723 5.661784 -37.864693 38.905334 43.420773 -20.893677 -1.248611 
<Inverted_Deviation>
0.070711 0.070711 0.070711 0.070711 0.070711 0.070711 0.070711 0.070711 0.070711 
<LogVarVal> 28.993713
<Mixture> 1 <Weight> 0.416667
<Mean>
194.133301 47.045712 5.448398 -0.778307 -11.174762 -7.780145 39.747417 13.917429 -5.420522 
<Inverted_Deviation>
0.017979 0.068090 0.070711 0.013861 0.025945 0.038919 0.028607 0.037502 0.043107 
<LogVarVal> 35.664124
<Mixture> 2 <Weight> 0.500000
<Mean>
303.291656 42.973522 -11.496988 -72.543655 24.709641 9.009984 1.914359 -7.096455 5.264378 
<Inverted_Deviation>
0.013641 0.025986 0.034262 0.028159 0.021583 0.033244 0.025836 0.017534 0.056898 
<LogVarVal> 37.845631
<TransP>
-0.207639 -1.673976 -10000000000.000000 
-10000000000.000000 -0.318454 -1.299283 
-10000000000.000000 -10000000000.000000 0.000000 
<EndEmbeddedHMM>
<BeginEmbeddedHMM>
<NumStates> 6
<State> 0
<NumMixes> 3
<Mixture> 0 <Weight> 0.444444
<Mean>
785.916626 -3.871431 13.729938 -50.550270 -38.400890 -25.290596 -31.634987 -2.534647 6.385001 
<Inverted_Deviation>
0.007909 0.023227 0.070711 0.016033 0.019319 0.053480 0.004730 0.010868 0.018786 
<LogVarVal> 41.261185
<Mixture> 1 <Weight> 0.222222
<Mean>
639.666626 -69.970932 -19.319843 -197.508240 -8.593161 8.030675 108.152199 -11.149552 -18.750851 
<Inverted_Deviation>
0.022507 0.029725 0.023829 0.070711 0.070711 0.070711 0.070711 0.024805 0.070711 
<LogVarVal> 33.140339
<Mixture> 2 <Weight> 0.333333
<Mean>
538.611084 -198.805893 -119.161278 -104.912384 27.126163 54.298981 7.025444 -3.617425 2.785078 
<Inverted_Deviation>
0.006825 0.025167 0.013104 0.021561 0.017162 0.042523 0.011428 0.011364 0.022028 
<LogVarVal> 41.979614
<State> 1
<NumMixes> 3
<Mixture> 0 <Weight> 0.428571
<Mean>
907.222168 -81.849716 32.205215 -86.032249 51.301109 -23.745403 16.422701 -14.096107 -3.632763 
<Inverted_Deviation>
0.012256 0.070711 0.014292 0.026999 0.014813 0.070711 0.017962 0.019174 0.013673 
<LogVarVal> 39.189686
<Mixture> 1 <Weight> 0.428571
<Mean>
703.611084 0.605592 11.126778 -149.457153 8.896793 -10.592148 -46.822075 26.680157 13.119656 
<Inverted_Deviation>
0.019730 0.018734 0.036523 0.010460 0.036241 0.030104 0.011055 0.006418 0.021193 
<LogVarVal> 41.152561
<Mixture> 2 <Weight> 0.142857
<Mean>
893.500000 -14.865202 -16.991390 -24.698475 70.868088 -8.531787 89.053886 77.085144 -22.153254 
<Inverted_Deviation>
0.070711 0.070711 0.070711 0.070711 0.070711 0.070711 0.070711 0.070711 0.070711 
<LogVarVal> 28.993713
<State> 2
<NumMixes> 3
<Mixture> 0 <Weight> 0.400000
<Mean>
1062.083252 32.447800 -152.789490 -214.231750 25.071672 99.437958 42.489658 20.207767 -23.862097 
<Inverted_Deviation>
0.004829 0.027332 0.012514 0.009536 0.020516 0.018294 0.008717 0.023232 0.070711 
<LogVarVal> 42.159039
<Mixture> 1 <Weight> 0.400000
<Mean>
644.458313 21.945179 -23.395290 -291.436951 45.975075 25.962009 -100.745819 -43.757481 24.972834 
<Inverted_Deviation>
0.051273 0.021248 0.070711 0.031815 0.020340 0.040339 0.029570 0.018560 0.070711 
<LogVarVal> 35.332787
<Mixture> 2 <Weight> 0.200000
<Mean>
1142.083252 -234.835999 -0.354038 -255.424103 144.491577 -2.609589 80.778351 -64.702950 -4.756784 
<Inverted_Deviation>
0.070711 0.070711 0.070711 0.070711 0.070711 0.070711 0.070711 0.070711 0.070711 
<LogVarVal> 28.993713
<State> 3
<NumMixes> 3
<Mixture> 0 <Weight> 0.500000
<Mean>
874.333374 50.343956 71.667725 -124.512169 -52.513668 -27.282455 -72.836830 58.176647 9.200411 
<Inverted_Deviation>
0.006513 0.011472 0.028733 0.013073 0.023197 0.023608 0.004199 0.009996 0.070711 
<LogVarVal> 42.777470
<Mixture> 1 <Weight> 0.333333
<Mean>
593.208313 -9.156891 40.958363 -333.800842 8.349697 -17.497490 69.632042 -84.344162 -7.332716 
<Inverted_Deviation>
0.070711 0.012545 0.070711 0.070711 0.029066 0.070711 0.013882 0.062166 0.070711 
<LogVarVal> 33.368721
<Mixture> 2 <Weight> 0.166667
<Mean>
1147.333252 229.039322 69.978149 -205.427826 -199.447983 -13.583292 128.384918 7.177211 1.604858 
<Inverted_Deviation>
0.070711 0.070711 0.070711 0.070711 0.070711 0.070711 0.070711 0.070711 0.070711 
<LogVarVal> 28.993713
<State> 4
<NumMixes> 3
<Mixture> 0 <Weight> 0.333333
<Mean>
838.458313 -77.919861 -16.181484 -198.263443 85.637245 -32.063606 -286.294678 -52.627327 53.276520 
<Inverted_Deviation>
0.018669 0.044036 0.029730 0.015111 0.012762 0.070711 0.021872 0.008902 0.053830 
<LogVarVal> 38.439220
<Mixture> 1 <Weight> 0.333333
<Mean>
671.666626 -18.185755 -49.784683 -360.549561 -4.907788 21.802734 178.647278 -3.380946 -22.431274 
<Inverted_Deviation>
0.070711 0.010320 0.039424 0.070711 0.023011 0.070711 0.070711 0.025231 0.070711 
<LogVarVal> 33.655540
<Mixture> 2 <Weight> 0.333333
<Mean>
1199.166626 -185.826065 -4.620405 -107.608704 134.949051 -43.185722 181.215866 9.391821 -31.103413 
<Inverted_Deviation>
0.007077 0.070711 0.021769 0.009102 0.011688 0.070711 0.070711 0.013655 0.050244 
<LogVarVal> 38.309864
<State> 5
<NumMixes> 3
<Mixture> 0 <Weight> 0.333333
<Mean>
734.791626 447.621979 -54.468208 -278.621704 -193.495071 114.623627 33.891075 -13.470311 -32.806168 
<Inverted_Deviation>
0.004100 0.005798 0.017052 0.015290 0.041122 0.015553 0.057734 0.070711 0.009271 
<LogVarVal> 41.586842
<Mixture> 1 <Weight> 0.500000
<Mean>
575.000000 166.590027 -37.887157 -236.794968 -71.013702 34.113083 27.024673 -12.168676 -2.682745 
<Inverted_Deviation>
0.003869 0.047330 0.011100 0.009115 0.008940 0.011015 0.008825 0.005248 0.029024 
<LogVarVal> 45.700779
<Mixture> 2 <Weight> 0.166667
<Mean>
1295.083252 128.187408 -207.071747 -374.587524 170.089005 59.914009 98.655914 90.625771 28.502346 
<Inverted_Deviation>
0.070711 0.070711 0.070711 0.070711 0.070711 0.070711 0.070711 0.070711 0.070711 
<LogVarVal> 28.993713
<TransP>
-0.405465 -1.098612 -10000000000.000000 -10000000000.000000 -10000000000.000000 -10000000000.000000 
-10000000000.000000 -0.559616 -0.847298 -10000000000.000000 -10000000000.000000 -10000000000.000000 
-10000000000.000000 -10000000000.000000 -0.916291 -0.510826 -10000000000.000000 -10000000000.000000 
-10000000000.000000 -10000000000.000000 -10000000000.000000 -0.693147 -0.693147 -10000000000.000000 
-10000000000.000000 -10000000000.000000 -10000000000.000000 -10000000000.000000 -0.693147 -0.693147 
-10000000000.000000 -10000000000.000000 -10000000000.000000 -10000000000.000000 -10000000000.000000 0.000000 
<EndEmbeddedHMM>
<BeginEmbeddedHMM>
<NumStates> 6
<State> 0
<NumMixes> 3
<Mixture> 0 <Weight> 0.444444
<Mean>
1211.916626 -69.862900 -37.820946 -53.905357 37.287346 36.583927 -46.592766 -1.377937 0.191039 
<Inverted_Deviation>
0.014845 0.012297 0.019779 0.009122 0.015337 0.045039 0.039418 0.070711 0.061778 
<LogVarVal> 38.324600
<Mixture> 1 <Weight> 0.222222
<Mean>
966.291626 9.455540 24.738468 -224.176315 51.402298 30.430668 -5.751818 -3.464457 -8.124384 
<Inverted_Deviation>
0.070711 0.016666 0.070711 0.026780 0.014912 0.046820 0.070711 0.070711 0.070711 
<LogVarVal> 33.378567
<Mixture> 2 <Weight> 0.333333
<Mean>
817.333252 -328.914612 -167.593140 -26.191490 56.042404 -39.366272 -31.723160 5.158045 6.439849 
<Inverted_Deviation>
0.017636 0.012418 0.018049 0.008422 0.035715 0.057050 0.045609 0.070711 0.070711 
<LogVarVal> 36.951237
<State> 1
<NumMixes> 3
<Mixture> 0 <Weight> 0.333333
<Mean>
1297.625000 -180.442474 281.341370 -15.139965 0.618066 -32.463985 -59.501270 26.913988 -26.920000 
<Inverted_Deviation>
0.070711 0.067961 0.038694 0.009080 0.026770 0.018237 0.023835 0.020476 0.070711 
<LogVarVal> 36.342041
<Mixture> 1 <Weight> 0.333333
<Mean>
1047.791626 -87.296738 63.532883 -192.097137 -36.914856 -38.158958 -19.275320 19.170887 -5.076950 
<Inverted_Deviation>
0.010120 0.010717 0.007987 0.070711 0.011069 0.008962 0.070711 0.070711 0.070711 
<LogVarVal> 38.925339
<Mixture> 2 <Weight> 0.333333
<Mean>
1179.541626 135.852463 -45.369568 -39.094547 -71.377060 -9.743230 -36.755711 -8.609775 5.564182 
<Inverted_Deviation>
0.028239 0.016131 0.070711 0.012249 0.031106 0.070711 0.044948 0.070711 0.028617 
<LogVarVal> 35.321510
<State> 2
<NumMixes> 3
<Mixture> 0 <Weight> 0.333333
<Mean>
1785.458252 17.062107 -260.904572 1.876110 -15.516895 -61.609879 -98.749100 -10.746353 11.407370 
<Inverted_Deviation>
0.070711 0.070711 0.015345 0.006003 0.040909 0.068040 0.022819 0.013412 0.017979 
<LogVarVal> 37.736393
<Mixture> 1 <Weight> 0.333333
<Mean>
1449.333252 -180.604202 -150.016327 -289.989075 80.664215 32.754253 -84.394089 27.394840 36.020775 
<Inverted_Deviation>
0.010755 0.003927 0.005435 0.014573 0.012683 0.070711 0.070711 0.018700 0.013013 
<LogVarVal> 42.653927
<Mixture> 2 <Weight> 0.333333
<Mean>
1567.541626 -454.229309 -96.324875 21.709862 -17.189438 48.133919 -79.990265 37.036667 15.549410 
<Inverted_Deviation>
0.029514 0.042562 0.034878 0.007463 0.015947 0.028348 0.012571 0.035386 0.032667 
<LogVarVal> 38.925522
<State> 3
<NumMixes> 3
<Mixture> 0 <Weight> 0.333333
<Mean>
1607.291504 -15.514923 103.078934 -104.462044 63.493500 22.898922 -75.193634 -12.062927 16.490009 
<Inverted_Deviation>
0.010000 0.031541 0.034257 0.006390 0.070711 0.025437 0.070711 0.012610 0.018520 
<LogVarVal> 38.971882
<Mixture> 1 <Weight> 0.333333
<Mean>
1322.708252 197.375168 91.236771 -358.921387 1.018006 1.142925 1.961190 -66.950195 -49.399433 
<Inverted_Deviation>
0.006535 0.006293 0.034295 0.070711 0.070711 0.070711 0.025411 0.010586 0.021427 
<LogVarVal> 38.634300
<Mixture> 2 <Weight> 0.333333
<Mean>
1732.083252 243.464218 96.992264 -24.465923 84.237740 -8.168962 -94.941597 -2.406624 -9.630257 
<Inverted_Deviation>
0.031782 0.011029 0.070711 0.005764 0.066218 0.037627 0.070711 0.013195 0.015253 
<LogVarVal> 38.067539
<State> 4
<NumMixes> 3
<Mixture> 0 <Weight> 0.333333
<Mean>
1876.791626 -141.846024 -51.209507 -17.582253 -125.977783 -2.680223 -58.802208 7.129795 0.760656 
<Inverted_Deviation>
0.045980 0.010953 0.070711 0.007891 0.070711 0.070711 0.070711 0.013639 0.027318 
<LogVarVal> 36.078625
<Mixture> 1 <Weight> 0.500000
<Mean>
1485.444336 -239.242538 34.232445 -328.970825 -20.014038 19.757650 -45.000988 39.580574 -22.904591 
<Inverted_Deviation>
0.004673 0.015733 0.015075 0.008882 0.016889 0.024006 0.016677 0.015101 0.015002 
<LogVarVal> 43.884449
<Mixture> 2 <Weight> 0.166667
<Mean>
1775.083252 -153.815765 9.025714 8.982115 -25.581812 71.250687 -68.697639 -5.686261 58.951431 
<Inverted_Deviation>
0.070711 0.070711 0.070711 0.070711 0.070711 0.070711 0.070711 0.070711 0.070711 
<LogVarVal> 28.993713
<State> 5
<NumMixes> 3
<Mixture> 0 <Weight> 0.500000
<Mean>
1230.083252 750.331543 -197.001678 4.863261 -10.135265 -34.975975 -76.898895 -28.061766 29.336533 
<Inverted_Deviation>
0.011604 0.026161 0.017846 0.003793 0.009818 0.010835 0.020325 0.042177 0.070711 
<LogVarVal> 41.711075
<Mixture> 1 <Weight> 0.166667
<Mean>
1657.583252 29.398266 -232.013702 -367.512573 -41.327965 -21.608076 -124.310768 39.846130 15.448129 
<Inverted_Deviation>
0.070711 0.070711 0.070711 0.070711 0.070711 0.070711 0.070711 0.070711 0.070711 
<LogVarVal> 28.993713
<Mixture> 2 <Weight> 0.333333
<Mean>
1825.833252 181.376541 -207.402679 119.883423 -110.315155 -5.822743 -77.255219 16.936726 -8.015730 
<Inverted_Deviation>
0.012552 0.010779 0.070711 0.006576 0.036194 0.040926 0.016372 0.061658 0.070711 
<LogVarVal> 37.795120
<TransP>
-0.405465 -1.098612 -10000000000.000000 -10000000000.000000 -10000000000.000000 -10000000000.000000 
-10000000000.000000 -0.693147 -0.693147 -10000000000.000000 -10000000000.000000 -10000000000.000000 
-10000000000.000000 -10000000000.000000 -0.693147 -0.693147 -10000000000.000000 -10000000000.000000 
-10000000000.000000 -10000000000.000000 -10000000000.000000 -0.693147 -0.693147 -10000000000.000000 
-10000000000.000000 -10000000000.000000 -10000000000.000000 -10000000000.000000 -0.693147 -0.693147 
-10000000000.000000 -10000000000.000000 -10000000000.000000 -10000000000.000000 -10000000000.000000 0.000000 
<EndEmbeddedHMM>
<BeginEmbeddedHMM>
<NumStates> 6
<State> 0
<NumMixes> 3
<Mixture> 0 <Weight> 0.111111
<Mean>
937.666626 -27.152813 -53.080452 103.834869 -23.181850 22.205385 23.823713 -21.173779 -40.410999 
<Inverted_Deviation>
0.070711 0.070711 0.070711 0.070711 0.070711 0.070711 0.070711 0.070711 0.070711 
<LogVarVal> 28.993713
<Mixture> 1 <Weight> 0.444444
<Mean>
1074.854126 -134.562836 -83.653656 149.660706 14.511573 -0.628400 -6.363874 9.952486 6.080528 
<Inverted_Deviation>
0.006265 0.007009 0.033294 0.034709 0.048364 0.015951 0.031007 0.042899 0.040139 
<LogVarVal> 38.952766
<Mixture> 2 <Weight> 0.444444
<Mean>
615.208313 -346.808105 -24.960028 117.459641 -12.457584 -44.783577 10.135148 1.317054 9.591784 
<Inverted_Deviation>
0.005948 0.014854 0.009377 0.038638 0.021720 0.027689 0.070711 0.045734 0.048046 
<LogVarVal> 38.594322
<State> 1
<NumMixes> 3
<Mixture> 0 <Weight> 0.333333
<Mean>
983.416626 -24.420351 109.848557 62.023331 37.214005 52.572998 20.169230 -26.946432 26.411026 
<Inverted_Deviation>
0.010211 0.070711 0.021397 0.070711 0.018403 0.017301 0.009219 0.007979 0.070711 
<LogVarVal> 39.097221
<Mixture> 1 <Weight> 0.500000
<Mean>
1119.833374 71.896439 50.307999 126.444016 -3.761734 35.164642 3.888550 -19.095104 -0.858316 
<Inverted_Deviation>
0.012836 0.006504 0.005425 0.015361 0.006674 0.014024 0.054146 0.030482 0.023579 
<LogVarVal> 43.365337
<Mixture> 2 <Weight> 0.166667
<Mean>
920.833313 67.116547 -13.309992 90.225975 19.937752 -48.360039 0.050641 65.018013 -23.477026 
<Inverted_Deviation>
0.070711 0.070711 0.070711 0.070711 0.070711 0.070711 0.070711 0.070711 0.070711 
<LogVarVal> 28.993713
<State> 2
<NumMixes> 3
<Mixture> 0 <Weight> 0.333333
<Mean>
1377.041504 -256.865845 -4.526196 46.910740 -3.542171 21.885254 4.758171 64.413269 -27.651464 
<Inverted_Deviation>
0.007559 0.065296 0.066102 0.023058 0.006173 0.016007 0.004237 0.016711 0.008858 
<LogVarVal> 42.755688
<Mixture> 1 <Weight> 0.500000
<Mean>
1360.638916 -227.087585 -47.852242 207.957672 7.046278 -113.129906 76.590958 -46.466736 1.435541 
<Inverted_Deviation>
0.004247 0.008327 0.017578 0.005972 0.004678 0.018543 0.008212 0.017131 0.022576 
<LogVarVal> 46.575523
<Mixture> 2 <Weight> 0.166667
<Mean>
1026.833252 -192.672989 46.329308 6.236938 17.697891 32.026985 -138.661194 54.972370 -23.427187 
<Inverted_Deviation>
0.070711 0.070711 0.070711 0.070711 0.070711 0.070711 0.070711 0.070711 0.070711 
<LogVarVal> 28.993713
<State> 3
<NumMixes> 3
<Mixture> 0 <Weight> 0.333333
<Mean>
1654.083252 29.929146 -29.819439 81.054810 -5.165852 -12.489405 -55.521118 -42.970230 38.052849 
<Inverted_Deviation>
0.011720 0.054229 0.070711 0.006278 0.008167 0.012630 0.053030 0.025267 0.011975 
<LogVarVal> 40.451519
<Mixture> 1 <Weight> 0.500000
<Mean>
1683.166748 -47.851009 -18.713665 8.243781 71.501442 99.993034 61.815075 60.946026 -5.307746 
<Inverted_Deviation>
0.026561 0.018035 0.015026 0.011272 0.005573 0.025416 0.048877 0.007605 0.017785 
<LogVarVal> 42.267330
<Mixture> 2 <Weight> 0.166667
<Mean>
1499.083252 -145.953583 -88.903732 173.346024 -110.568016 -68.697609 -143.283203 -69.168121 16.953524 
<Inverted_Deviation>
0.070711 0.070711 0.070711 0.070711 0.070711 0.070711 0.070711 0.070711 0.070711 
<LogVarVal> 28.993713
<State> 4
<NumMixes> 3
<Mixture> 0 <Weight> 0.333333
<Mean>
1533.166626 76.591003 -21.231913 100.547226 -17.457142 7.646084 19.784452 12.385112 -35.378414 
<Inverted_Deviation>
0.010515 0.039187 0.070711 0.025364 0.053406 0.014091 0.022643 0.024971 0.038109 
<LogVarVal> 37.206532
<Mixture> 1 <Weight> 0.500000
<Mean>
1724.805420 12.837794 -10.841351 102.246521 -93.951508 -30.172644 -5.882371 -12.613426 5.743945 
<Inverted_Deviation>
0.016517 0.017836 0.039420 0.014130 0.020259 0.048700 0.044233 0.010787 0.021382 
<LogVarVal> 39.188210
<Mixture> 2 <Weight> 0.166667
<Mean>
1555.999878 59.006584 4.726657 115.471901 104.602921 45.841309 0.977084 -42.392864 0.783494 
<Inverted_Deviation>
0.070711 0.070711 0.070711 0.070711 0.070711 0.070711 0.070711 0.070711 0.070711 
<LogVarVal> 28.993713
<State> 5
<NumMixes> 3
<Mixture> 0 <Weight> 0.500000
<Mean>
777.694458 606.665527 66.607254 146.812256 58.247864 -78.912796 12.604307 -6.469008 -10.109828 
<Inverted_Deviation>
0.005054 0.012654 0.009336 0.016567 0.051076 0.050659 0.027358 0.031070 0.048353 
<LogVarVal> 39.639481
<Mixture> 1 <Weight> 0.333333
<Mean>
1381.041626 377.383179 -233.755737 211.297333 -40.821095 23.469372 31.162815 -16.818607 -0.935711 
<Inverted_Deviation>
0.005982 0.021155 0.052687 0.017006 0.025315 0.070711 0.040750 0.020638 0.070711 
<LogVarVal> 37.199360
<Mixture> 2 <Weight> 0.166667
<Mean>
1077.833252 459.303711 -218.494980 117.630722 -68.110352 -50.560654 -8.917840 17.292788 56.587814 
<Inverted_Deviation>
0.070711 0.070711 0.070711 0.070711 0.070711 0.070711 0.070711 0.070711 0.070711 
<LogVarVal> 28.993713
<TransP>
-0.405465 -1.098612 -10000000000.000000 -10000000000.000000 -10000000000.000000 -10000000000.000000 
-10000000000.000000 -0.693147 -0.693147 -10000000000.000000 -10000000000.000000 -10000000000.000000 
-10000000000.000000 -10000000000.000000 -0.693147 -0.693147 -10000000000.000000 -10000000000.000000 
-10000000000.000000 -10000000000.000000 -10000000000.000000 -0.693147 -0.693147 -10000000000.000000 
-10000000000.000000 -10000000000.000000 -10000000000.000000 -10000000000.000000 -0.693147 -0.693147 
-10000000000.000000 -10000000000.000000 -10000000000.000000 -10000000000.000000 -10000000000.000000 0.000000 
<EndEmbeddedHMM>
<BeginEmbeddedHMM>
<NumStates> 3
<State> 0
<NumMixes> 3
<Mixture> 0 <Weight> 0.200000
<Mean>
559.666687 -89.340057 19.494127 -204.633591 -133.311646 65.044579 27.819386 -8.264995 15.721454 
<Inverted_Deviation>
0.005766 0.009075 0.021983 0.007253 0.008362 0.010904 0.006641 0.008483 0.009409 
<LogVarVal> 47.506130
<Mixture> 1 <Weight> 0.200000
<Mean>
511.361084 -254.413208 10.426013 48.841080 -78.200516 -51.185921 38.632240 62.992805 -19.404469 
<Inverted_Deviation>
0.005335 0.017376 0.009576 0.008268 0.008431 0.017817 0.009678 0.014081 0.016929 
<LogVarVal> 45.664070
<Mixture> 2 <Weight> 0.600000
<Mean>
865.944458 -64.061768 -4.275991 -6.019049 31.545462 -4.710406 4.411383 -4.390001 3.429463 
<Inverted_Deviation>
0.010724 0.014319 0.014218 0.013344 0.012616 0.013446 0.015959 0.014045 0.020389 
<LogVarVal> 43.480583
<State> 1
<NumMixes> 3
<Mixture> 0 <Weight> 0.363636
<Mean>
1099.770752 -171.977386 14.899080 -70.817070 0.523889 0.445812 10.127523 0.048534 -1.805968 
<Inverted_Deviation>
0.009687 0.042218 0.057146 0.007902 0.018324 0.051149 0.011923 0.025268 0.033096 
<LogVarVal> 39.144360
<Mixture> 1 <Weight> 0.272727
<Mean>
1401.055542 -99.669060 -33.954330 99.477493 14.850447 -11.079914 169.008545 3.640877 -27.917145 
<Inverted_Deviation>
0.007205 0.008296 0.045371 0.042430 0.024457 0.028003 0.033851 0.009246 0.027448 
<LogVarVal> 40.080166
<Mixture> 2 <Weight> 0.363636
<Mean>
1410.500000 -107.167587 -33.089848 -112.133728 -37.759377 26.719864 -28.742167 -5.445717 12.532824 
<Inverted_Deviation>
0.011281 0.012764 0.030620 0.026893 0.017611 0.056193 0.019034 0.021949 0.036963 
<LogVarVal> 39.095600
<State> 2
<NumMixes> 3
<Mixture> 0 <Weight> 0.307692
<Mean>
1463.020752 53.870167 -24.855305 10.585687 -26.508511 -12.809364 18.609760 -2.228715 26.697309 
<Inverted_Deviation>
0.012169 0.017261 0.027372 0.012322 0.028915 0.016953 0.046808 0.009970 0.028861 
<LogVarVal> 40.449867
<Mixture> 1 <Weight> 0.384615
<Mean>
827.633301 473.981689 24.113510 -127.535789 1.701783 49.199780 93.090004 -11.708703 -61.182095 
<Inverted_Deviation>
0.003439 0.052536 0.003715 0.003598 0.011040 0.006089 0.019879 0.009987 0.013038 
<LogVarVal> 47.464767
<Mixture> 2 <Weight> 0.307692
<Mean>
1470.041626 73.759537 -52.362877 -216.853851 148.705353 -41.309425 52.178474 -41.438316 31.882565 
<Inverted_Deviation>
0.008624 0.005575 0.008830 0.004631 0.013897 0.036550 0.014251 0.010693 0.008592 
<LogVarVal> 46.329594
<TransP>
-0.223144 -1.609438 -10000000000.000000 
-10000000000.000000 -0.318454 -1.299283 
-10000000000.000000 -10000000000.000000 0.000000 
<EndEmbeddedHMM>
