<NumSuperStates> 5
<NumStates> 3 6 6 6 3 
<NumMixtures> 3 3 3 3 3 3 3 3 3 3 3 3 3 3 3 3 3 3 3 3 3 3 3 3 
<VecSize> 9
<BeginExternalHMM>
<NumStates> 5
<TransP>
-0.405465 -1.098612 -10000000000.000000 -10000000000.000000 -10000000000.000000 
-10000000000.000000 -0.405465 -1.098612 -10000000000.000000 -10000000000.000000 
-10000000000.000000 -10000000000.000000 -0.405465 -1.098612 -10000000000.000000 
-10000000000.000000 -10000000000.000000 -10000000000.000000 -0.405465 -1.098612 
-10000000000.000000 -10000000000.000000 -10000000000.000000 -10000000000.000000 0.000000 
<EndExternalHMM>
<BeginEmbeddedHMM>
<NumStates> 3
<State> 0
<NumMixes> 3
<Mixture> 0 <Weight> 0.200000
<Mean>
480.555542 -72.933472 -4.617738 -34.348022 20.248564 -5.846163 46.670433 -11.524984 -6.711111 
<Inverted_Deviation>
0.020635 0.028297 0.028859 0.012977 0.043212 0.027396 0.023112 0.032769 0.028676 
<LogVarVal> 37.963310
<Mixture> 1 <Weight> 0.533333
<Mean>
393.729187 -15.724501 6.307522 19.380096 2.888319 1.011564 16.281113 -3.583214 -0.348137 
<Inverted_Deviation>
0.030891 0.032611 0.055167 0.035843 0.070711 0.070711 0.070711 0.070711 0.070711 
<LogVarVal> 31.523479
<Mixture> 2 <Weight> 0.266667
<Mean>
559.395752 -40.745502 13.671124 -186.410126 -2.059242 7.371512 113.533180 7.409446 -3.254780 
<Inverted_Deviation>
0.012005 0.035530 0.031365 0.035802 0.014693 0.028929 0.070711 0.035829 0.056312 
<LogVarVal> 36.321190
<State> 1
<NumMixes> 3
<Mixture> 0 <Weight> 0.333333
<Mean>
602.583313 -15.333329 -21.781063 -165.464203 35.207420 11.765980 61.521660 -17.981058 5.471179 
<Inverted_Deviation>
0.030450 0.018112 0.039954 0.015046 0.015852 0.027859 0.022176 0.047035 0.045068 
<LogVarVal> 37.760986
<Mixture> 1 <Weight> 0.333333
<Mean>
503.791626 18.010635 -17.038643 -4.074271 9.511489 2.946249 61.940414 1.590972 -11.251574 
<Inverted_Deviation>
0.024238 0.024703 0.022385 0.063636 0.035203 0.061575 0.061634 0.039164 0.039994 
<LogVarVal> 34.505577
<Mixture> 2 <Weight> 0.333333
<Mean>
792.354126 -36.263260 -22.317150 -205.513580 24.518816 -9.127878 -33.581123 27.625431 10.085162 
<Inverted_Deviation>
0.013397 0.014065 0.033776 0.014613 0.021568 0.026370 0.020552 0.016989 0.028008 
<LogVarVal> 40.349213
<State> 2
<NumMixes> 3
<Mixture> 0 <Weight> 0.083333
<Mean>
579.166626 50.366253 46.791782 -140.521439 -81.331764 7.555153 85.925468 19.305775 -21.612387 
<Inverted_Deviation>
0.070711 0.070711 0.070711 0.070711 0.070711 0.070711 0.070711 0.070711 0.070711 
<LogVarVal> 28.993713
<Mixture> 1 <Weight> 0.583333
<Mean>
507.976166 2.361725 -4.015454 -25.935108 4.830802 -1.058290 52.897053 0.308919 3.528304 
<Inverted_Deviation>
0.021249 0.033707 0.020255 0.009974 0.028926 0.025617 0.014069 0.030419 0.034960 
<LogVarVal> 39.217342
<Mixture> 2 <Weight> 0.333333
<Mean>
759.437439 -11.139531 7.771420 -276.301788 34.641037 -3.569158 0.953220 -28.363445 6.593535 
<Inverted_Deviation>
0.018011 0.009086 0.014741 0.011483 0.011081 0.015340 0.023475 0.021759 0.031991 
<LogVarVal> 42.254780
<TransP>
-0.223144 -1.609438 -10000000000.000000 
-10000000000.000000 -0.287682 -1.386294 
-10000000000.000000 -10000000000.000000 0.000000 
<EndEmbeddedHMM>
<BeginEmbeddedHMM>
<NumStates> 6
<State> 0
<NumMixes> 3
<Mixture> 0 <Weight> 0.444444
<Mean>
1335.187500 84.820030 -12.448880 -363.760468 -17.482901 33.061005 49.456974 -71.915779 -11.122087 
<Inverted_Deviation>
0.003195 0.022913 0.023299 0.008349 0.006543 0.015698 0.016426 0.031974 0.016864 
<LogVarVal> 44.036427
<Mixture> 1 <Weight> 0.333333
<Mean>
708.666687 -25.096546 -38.900772 -284.966766 -23.561680 50.505669 -14.502295 67.007233 -23.609808 
<Inverted_Deviation>
0.015154 0.010584 0.008023 0.014727 0.008523 0.009307 0.010674 0.013075 0.029667 
<LogVarVal> 44.769505
<Mixture> 2 <Weight> 0.222222
<Mean>
1122.333252 -354.783386 -291.733887 -261.380493 170.377792 28.304256 -38.769573 -24.641624 60.827232 
<Inverted_Deviation>
0.004748 0.007118 0.026882 0.013772 0.022453 0.008574 0.042236 0.070711 0.030560 
<LogVarVal> 41.204960
<State> 1
<NumMixes> 3
<Mixture> 0 <Weight> 0.333333
<Mean>
1041.708252 -17.089100 49.351093 -185.031235 43.999416 -51.509911 124.327995 -13.868406 -6.460923 
<Inverted_Deviation>
0.056750 0.011664 0.070711 0.035727 0.009791 0.033495 0.031202 0.070711 0.020568 
<LogVarVal> 36.475685
<Mixture> 1 <Weight> 0.333333
<Mean>
739.541626 -17.235134 25.076117 -157.702103 -24.731737 -24.856432 -147.998993 -40.467979 41.083057 
<Inverted_Deviation>
0.059549 0.027349 0.070711 0.028791 0.024720 0.023122 0.070711 0.013983 0.020506 
<LogVarVal> 36.041355
<Mixture> 2 <Weight> 0.333333
<Mean>
1433.000000 -34.619049 68.753174 -503.772522 12.196877 10.156467 93.274422 50.183693 -25.208567 
<Inverted_Deviation>
0.057378 0.007745 0.029491 0.070711 0.070711 0.070711 0.019805 0.022291 0.070711 
<LogVarVal> 34.715805
<State> 2
<NumMixes> 3
<Mixture> 0 <Weight> 0.333333
<Mean>
1650.250000 -299.500732 128.893890 -461.542908 40.068798 -33.755562 20.144203 47.830585 -13.936484 
<Inverted_Deviation>
0.002975 0.025244 0.028491 0.027627 0.011205 0.032744 0.006043 0.070711 0.058644 
<LogVarVal> 40.299644
<Mixture> 1 <Weight> 0.500000
<Mean>
996.638855 -137.391373 8.989934 -197.898483 44.536964 -6.210306 46.720345 -55.311199 -11.799945 
<Inverted_Deviation>
0.005665 0.017668 0.036314 0.009799 0.011932 0.011790 0.008766 0.033085 0.070711 
<LogVarVal> 41.965500
<Mixture> 2 <Weight> 0.166667
<Mean>
1557.333252 -108.710403 -37.459904 -502.131683 -17.964205 7.756446 -10.178632 67.938545 34.888668 
<Inverted_Deviation>
0.070711 0.070711 0.070711 0.070711 0.070711 0.070711 0.070711 0.070711 0.070711 
<LogVarVal> 28.993713
<State> 3
<NumMixes> 3
<Mixture> 0 <Weight> 0.333333
<Mean>
1761.833252 257.606567 27.801689 -461.267029 -26.673559 -57.839130 15.246578 -53.461716 -3.286484 
<Inverted_Deviation>
0.003091 0.020622 0.037620 0.029979 0.009440 0.070711 0.005106 0.014217 0.014733 
<LogVarVal> 42.659607
<Mixture> 1 <Weight> 0.500000
<Mean>
1255.416748 -8.678515 -129.591522 -278.401184 -27.810898 71.080750 58.660034 40.976318 -5.258886 
<Inverted_Deviation>
0.003817 0.006140 0.010296 0.006566 0.010257 0.011059 0.016919 0.017668 0.017100 
<LogVarVal> 46.682648
<Mixture> 2 <Weight> 0.166667
<Mean>
1975.499878 -94.663376 -300.639374 -452.079285 -20.277075 4.845229 -97.069374 -3.463018 29.003735 
<Inverted_Deviation>
0.070711 0.070711 0.070711 0.070711 0.070711 0.070711 0.070711 0.070711 0.070711 
<LogVarVal> 28.993713
<State> 4
<NumMixes> 3
<Mixture> 0 <Weight> 0.333333
<Mean>
1260.291626 78.645790 71.614891 -357.650879 4.349170 6.140195 257.579315 -40.195915 -28.337471 
<Inverted_Deviation>
0.028332 0.007357 0.010452 0.070711 0.070711 0.070711 0.026197 0.017708 0.034304 
<LogVarVal> 37.183990
<Mixture> 1 <Weight> 0.333333
<Mean>
904.666626 83.707367 74.367584 -106.546227 -6.810380 -18.682865 -50.630066 2.407955 12.799303 
<Inverted_Deviation>
0.020251 0.007042 0.015430 0.070711 0.026964 0.070711 0.054030 0.037837 0.016221 
<LogVarVal> 37.403923
<Mixture> 2 <Weight> 0.333333
<Mean>
1715.625000 38.062836 62.115105 -601.933960 78.195847 33.515297 -89.989166 -10.886713 11.369497 
<Inverted_Deviation>
0.065653 0.008657 0.026761 0.019470 0.014789 0.021469 0.070711 0.043959 0.020147 
<LogVarVal> 37.917076
<State> 5
<NumMixes> 3
<Mixture> 0 <Weight> 0.333333
<Mean>
1841.125000 -199.875427 -62.735214 -391.544006 -93.601418 9.275319 10.503658 68.666840 13.403979 
<Inverted_Deviation>
0.003679 0.019002 0.070711 0.032824 0.007537 0.058237 0.006146 0.011324 0.023774 
<LogVarVal> 41.828430
<Mixture> 1 <Weight> 0.500000
<Mean>
1184.166748 -220.428223 3.846803 -295.033386 90.132011 -27.747961 41.034073 29.581596 -12.813299 
<Inverted_Deviation>
0.004415 0.016139 0.012444 0.008369 0.010529 0.065424 0.005239 0.032049 0.029847 
<LogVarVal> 43.354523
<Mixture> 2 <Weight> 0.166667
<Mean>
1839.083252 -204.973312 33.656075 -582.850830 -127.797546 53.158394 -95.755005 40.252712 -10.356034 
<Inverted_Deviation>
0.070711 0.070711 0.070711 0.070711 0.070711 0.070711 0.070711 0.070711 0.070711 
<LogVarVal> 28.993713
<TransP>
-0.405465 -1.098612 -10000000000.000000 -10000000000.000000 -10000000000.000000 -10000000000.000000 
-10000000000.000000 -0.693147 -0.693147 -10000000000.000000 -10000000000.000000 -10000000000.000000 
-10000000000.000000 -10000000000.000000 -0.693147 -0.693147 -10000000000.000000 -10000000000.000000 
-10000000000.000000 -10000000000.000000 -10000000000.000000 -0.693147 -0.693147 -10000000000.000000 
-10000000000.000000 -10000000000.000000 -10000000000.000000 -10000000000.000000 -0.693147 -0.693147 
-10000000000.000000 -10000000000.000000 -10000000000.000000 -10000000000.000000 -10000000000.000000 0.000000 
<EndEmbeddedHMM>
<BeginEmbeddedHMM>
<NumStates> 6
<State> 0
<NumMixes> 3
<Mixture> 0 <Weight> 0.444444
<Mean>
1955.083252 -222.461411 -92.593475 128.980408 81.426376 11.290928 -59.581863 29.567944 -1.755635 
<Inverted_Deviation>
0.004478 0.005677 0.017532 0.008029 0.019577 0.070711 0.034093 0.070711 0.069118 
<LogVarVal> 39.882019
<Mixture> 1 <Weight> 0.222222
<Mean>
1891.250000 -27.580202 -59.728168 -246.772034 150.743668 25.398060 -157.957306 -0.328785 25.383434 
<Inverted_Deviation>
0.028862 0.008875 0.018723 0.008007 0.019638 0.070711 0.070711 0.016241 0.070711 
<LogVarVal> 38.224499
<Mixture> 2 <Weight> 0.333333
<Mean>
1294.361084 -630.653992 -124.822189 103.317772 0.621623 -89.534378 -40.989418 39.525635 -5.313389 
<Inverted_Deviation>
0.006878 0.024070 0.008252 0.008194 0.009062 0.047690 0.020963 0.019332 0.055493 
<LogVarVal> 41.908367
<State> 1
<NumMixes> 3
<Mixture> 0 <Weight> 0.333333
<Mean>
2019.541504 150.964935 -1.253475 101.367783 -66.762428 -50.059578 -59.314972 -56.677551 14.423018 
<Inverted_Deviation>
0.011876 0.015931 0.069186 0.009378 0.010380 0.035756 0.070711 0.031384 0.011270 
<LogVarVal> 39.559555
<Mixture> 1 <Weight> 0.333333
<Mean>
1887.125000 -5.411453 18.921738 -351.621552 -70.994400 64.470123 -147.159210 25.435753 -28.831490 
<Inverted_Deviation>
0.070711 0.025980 0.036534 0.014725 0.007960 0.057760 0.070711 0.015824 0.050829 
<LogVarVal> 36.438042
<Mixture> 2 <Weight> 0.333333
<Mean>
2127.291504 46.137932 -61.757748 70.922577 -37.764912 61.908134 -91.078270 2.476851 21.774784 
<Inverted_Deviation>
0.018383 0.058059 0.022922 0.006310 0.070711 0.025724 0.032468 0.026906 0.049153 
<LogVarVal> 37.200405
<State> 2
<NumMixes> 3
<Mixture> 0 <Weight> 0.333333
<Mean>
2127.500000 -264.738159 20.530684 241.360199 -106.344788 82.162720 -102.099876 86.610176 28.217249 
<Inverted_Deviation>
0.004119 0.009891 0.024218 0.004695 0.005774 0.018334 0.007353 0.029144 0.009551 
<LogVarVal> 46.594128
<Mixture> 1 <Weight> 0.500000
<Mean>
2093.277832 -154.058029 100.879654 -98.632263 -4.409267 -61.929405 -117.602715 -43.671043 -7.733705 
<Inverted_Deviation>
0.006056 0.005315 0.014130 0.006119 0.013026 0.011458 0.010478 0.023737 0.013816 
<LogVarVal> 46.241959
<Mixture> 2 <Weight> 0.166667
<Mean>
1886.333252 2.518334 129.872940 250.351501 -46.836243 91.120079 -114.913658 129.531631 -78.254639 
<Inverted_Deviation>
0.070711 0.070711 0.070711 0.070711 0.070711 0.070711 0.070711 0.070711 0.070711 
<LogVarVal> 28.993713
<State> 3
<NumMixes> 3
<Mixture> 0 <Weight> 0.333333
<Mean>
2262.541504 172.197647 -34.801773 252.596558 131.276993 -12.591013 -147.175644 -52.239662 45.355389 
<Inverted_Deviation>
0.003750 0.011148 0.070711 0.003286 0.009381 0.010960 0.005835 0.015788 0.020647 
<LogVarVal> 45.955944
<Mixture> 1 <Weight> 0.500000
<Mean>
2395.333496 31.754311 -160.002258 -105.874352 -5.967689 -6.336243 -95.044662 25.355078 -6.532959 
<Inverted_Deviation>
0.013515 0.003849 0.005507 0.007865 0.030030 0.009109 0.031042 0.018379 0.017696 
<LogVarVal> 44.769703
<Mixture> 2 <Weight> 0.166667
<Mean>
2084.166504 -57.880947 -80.996819 524.810791 -75.028481 -142.009155 -280.125061 -14.632937 0.939795 
<Inverted_Deviation>
0.070711 0.070711 0.070711 0.070711 0.070711 0.070711 0.070711 0.070711 0.070711 
<LogVarVal> 28.993713
<State> 4
<NumMixes> 3
<Mixture> 0 <Weight> 0.333333
<Mean>
2099.125000 -90.574875 90.067856 214.319977 -60.653320 -40.311470 -44.324379 8.460175 -57.116310 
<Inverted_Deviation>
0.005519 0.070711 0.070711 0.012326 0.070711 0.008844 0.070711 0.006980 0.006422 
<LogVarVal> 40.084240
<Mixture> 1 <Weight> 0.500000
<Mean>
2176.722168 43.077202 79.477936 -102.266083 -15.856222 -9.576426 -157.211365 35.471325 -17.296881 
<Inverted_Deviation>
0.015293 0.006658 0.039168 0.005071 0.007024 0.008657 0.008522 0.014117 0.008300 
<LogVarVal> 46.392685
<Mixture> 2 <Weight> 0.166667
<Mean>
1966.750000 99.052734 59.460777 326.324371 129.196793 115.515793 -116.868408 -187.904541 91.759392 
<Inverted_Deviation>
0.070711 0.070711 0.070711 0.070711 0.070711 0.070711 0.070711 0.070711 0.070711 
<LogVarVal> 28.993713
<State> 5
<NumMixes> 3
<Mixture> 0 <Weight> 0.500000
<Mean>
2278.250000 -25.856527 -74.979660 190.173584 67.495163 16.498539 -79.386017 -25.598669 14.782139 
<Inverted_Deviation>
0.007880 0.008330 0.070711 0.011064 0.018988 0.031760 0.017576 0.051276 0.064302 
<LogVarVal> 39.105274
<Mixture> 1 <Weight> 0.333333
<Mean>
2309.916504 -74.241547 -48.405029 -185.826202 -90.889000 20.613987 -153.998611 -79.738014 -13.534745 
<Inverted_Deviation>
0.019327 0.010694 0.027943 0.015983 0.024474 0.019564 0.017573 0.043075 0.038973 
<LogVarVal> 39.424755
<Mixture> 2 <Weight> 0.166667
<Mean>
2072.500000 -159.160950 -44.654411 301.732574 -16.537727 -60.653690 36.458431 95.045128 51.579208 
<Inverted_Deviation>
0.070711 0.070711 0.070711 0.070711 0.070711 0.070711 0.070711 0.070711 0.070711 
<LogVarVal> 28.993713
<TransP>
-0.405465 -1.098612 -10000000000.000000 -10000000000.000000 -10000000000.000000 -10000000000.000000 
-10000000000.000000 -0.693147 -0.693147 -10000000000.000000 -10000000000.000000 -10000000000.000000 
-10000000000.000000 -10000000000.000000 -0.693147 -0.693147 -10000000000.000000 -10000000000.000000 
-10000000000.000000 -10000000000.000000 -10000000000.000000 -0.693147 -0.693147 -10000000000.000000 
-10000000000.000000 -10000000000.000000 -10000000000.000000 -10000000000.000000 -0.693147 -0.693147 
-10000000000.000000 -10000000000.000000 -10000000000.000000 -10000000000.000000 -10000000000.000000 0.000000 
<EndEmbeddedHMM>
<BeginEmbeddedHMM>
<NumStates> 6
<State> 0
<NumMixes> 3
<Mixture> 0 <Weight> 0.222222
<Mean>
1231.333252 -317.731415 -106.947372 187.121063 67.063911 -1.913607 22.711483 -31.438770 33.902344 
<Inverted_Deviation>
0.010851 0.006580 0.014584 0.021795 0.009367 0.024916 0.070711 0.070711 0.070711 
<LogVarVal> 39.062702
<Mixture> 1 <Weight> 0.333333
<Mean>
1589.277710 -228.843750 -91.553299 253.917694 -19.423180 1.646551 14.308384 -5.007819 -6.400106 
<Inverted_Deviation>
0.004592 0.005207 0.013811 0.036851 0.036340 0.030765 0.042703 0.018779 0.030642 
<LogVarVal> 40.785740
<Mixture> 2 <Weight> 0.444444
<Mean>
799.729126 -415.842468 68.737267 165.918167 -78.359207 -54.679367 9.564182 15.005289 -7.780380 
<Inverted_Deviation>
0.004669 0.008388 0.008138 0.055000 0.014317 0.013742 0.070711 0.049732 0.039563 
<LogVarVal> 40.424290
<State> 1
<NumMixes> 3
<Mixture> 0 <Weight> 0.333333
<Mean>
1560.750000 29.631233 -20.635221 115.773888 -18.312134 48.157066 7.856836 56.705040 15.309080 
<Inverted_Deviation>
0.010424 0.070711 0.031808 0.041901 0.006676 0.059911 0.070711 0.024340 0.022551 
<LogVarVal> 36.965485
<Mixture> 1 <Weight> 0.500000
<Mean>
1756.000000 44.344936 -19.561712 194.606003 90.706467 -30.980988 40.437603 -25.643066 -4.300035 
<Inverted_Deviation>
0.007140 0.013579 0.013055 0.014992 0.023329 0.020894 0.027711 0.027022 0.029943 
<LogVarVal> 41.263161
<Mixture> 2 <Weight> 0.166667
<Mean>
1471.333252 -72.188446 -38.167004 66.502281 9.189835 59.088169 8.414047 33.649258 -54.438293 
<Inverted_Deviation>
0.070711 0.070711 0.070711 0.070711 0.070711 0.070711 0.070711 0.070711 0.070711 
<LogVarVal> 28.993713
<State> 2
<NumMixes> 3
<Mixture> 0 <Weight> 0.500000
<Mean>
1371.805542 139.374878 18.778114 4.075015 89.861191 14.837928 21.732937 -54.905937 33.550709 
<Inverted_Deviation>
0.007350 0.018807 0.009389 0.023920 0.010205 0.023949 0.006908 0.007884 0.006644 
<LogVarVal> 45.587997
<Mixture> 1 <Weight> 0.333333
<Mean>
1622.166626 76.960960 0.944183 338.183899 -238.544754 35.972794 130.944031 -55.663048 12.226358 
<Inverted_Deviation>
0.020347 0.047183 0.031480 0.008352 0.012607 0.004218 0.021559 0.037795 0.070711 
<LogVarVal> 39.947151
<Mixture> 2 <Weight> 0.166667
<Mean>
1367.500000 166.515778 -35.846634 115.234062 52.849117 -154.026901 -92.654739 70.111076 -65.325043 
<Inverted_Deviation>
0.070711 0.070711 0.070711 0.070711 0.070711 0.070711 0.070711 0.070711 0.070711 
<LogVarVal> 28.993713
<State> 3
<NumMixes> 3
<Mixture> 0 <Weight> 0.333333
<Mean>
1262.541626 -42.875484 54.434227 -26.551893 -48.761177 32.806782 167.243088 79.630920 -32.449516 
<Inverted_Deviation>
0.024703 0.012903 0.070711 0.025171 0.016566 0.070711 0.013785 0.020052 0.031287 
<LogVarVal> 37.941364
<Mixture> 1 <Weight> 0.333333
<Mean>
1588.916626 -56.414185 38.058544 585.378784 72.310966 -71.402405 212.620071 0.645868 -29.134319 
<Inverted_Deviation>
0.017751 0.018669 0.046339 0.017140 0.008992 0.070711 0.070711 0.018884 0.045275 
<LogVarVal> 37.375717
<Mixture> 2 <Weight> 0.333333
<Mean>
1249.416626 -63.620316 26.006710 -90.568344 -19.207678 46.124939 -120.445389 -69.904449 19.842497 
<Inverted_Deviation>
0.017211 0.052534 0.039597 0.042073 0.011384 0.055911 0.015834 0.045904 0.033398 
<LogVarVal> 36.542713
<State> 4
<NumMixes> 3
<Mixture> 0 <Weight> 0.500000
<Mean>
1491.138916 -102.642174 -51.596176 122.346786 -48.910698 -39.190742 -20.502151 73.762047 -9.792379 
<Inverted_Deviation>
0.013513 0.016262 0.018953 0.042494 0.013782 0.027765 0.006308 0.007835 0.005566 
<LogVarVal> 43.672943
<Mixture> 1 <Weight> 0.333333
<Mean>
1745.791626 -70.134285 -17.808386 209.327301 183.862350 95.431213 141.528442 34.222569 24.240486 
<Inverted_Deviation>
0.015414 0.034286 0.052944 0.010329 0.005773 0.006160 0.064793 0.022342 0.025553 
<LogVarVal> 40.657074
<Mixture> 2 <Weight> 0.166667
<Mean>
1420.416626 -158.011627 11.258199 12.715396 -111.107651 -21.199877 82.631981 -189.342590 22.024244 
<Inverted_Deviation>
0.070711 0.070711 0.070711 0.070711 0.070711 0.070711 0.070711 0.070711 0.070711 
<LogVarVal> 28.993713
<State> 5
<NumMixes> 3
<Mixture> 0 <Weight> 0.500000
<Mean>
1648.972168 -46.164970 -36.867004 123.832054 2.155410 62.817719 -42.089630 -57.534500 -1.905894 
<Inverted_Deviation>
0.012251 0.032887 0.014751 0.038559 0.012753 0.026213 0.021264 0.008767 0.006964 
<LogVarVal> 41.998123
<Mixture> 1 <Weight> 0.333333
<Mean>
1881.750000 -58.602783 -13.927389 155.956421 -65.735931 -70.206665 89.342056 25.930916 -20.815357 
<Inverted_Deviation>
0.020253 0.057411 0.070711 0.019258 0.006926 0.070711 0.070711 0.028254 0.022426 
<LogVarVal> 36.142124
<Mixture> 2 <Weight> 0.166667
<Mean>
1590.083252 -15.814031 57.292336 108.434608 35.170147 -41.815746 79.457573 190.237549 32.485786 
<Inverted_Deviation>
0.070711 0.070711 0.070711 0.070711 0.070711 0.070711 0.070711 0.070711 0.070711 
<LogVarVal> 28.993713
<TransP>
-0.405465 -1.098612 -10000000000.000000 -10000000000.000000 -10000000000.000000 -10000000000.000000 
-10000000000.000000 -0.693147 -0.693147 -10000000000.000000 -10000000000.000000 -10000000000.000000 
-10000000000.000000 -10000000000.000000 -0.693147 -0.693147 -10000000000.000000 -10000000000.000000 
-10000000000.000000 -10000000000.000000 -10000000000.000000 -0.693147 -0.693147 -10000000000.000000 
-10000000000.000000 -10000000000.000000 -10000000000.000000 -10000000000.000000 -0.693147 -0.693147 
-10000000000.000000 -10000000000.000000 -10000000000.000000 -10000000000.000000 -10000000000.000000 0.000000 
<EndEmbeddedHMM>
<BeginEmbeddedHMM>
<NumStates> 3
<State> 0
<NumMixes> 3
<Mixture> 0 <Weight> 0.266667
<Mean>
1216.666626 -123.481140 -106.473740 64.211182 10.324396 -48.537434 -11.801013 -71.235947 91.323692 
<Inverted_Deviation>
0.004995 0.006160 0.006365 0.017610 0.006456 0.006669 0.021601 0.008148 0.012393 
<LogVarVal> 47.725407
<Mixture> 1 <Weight> 0.400000
<Mean>
674.763916 -251.502167 68.835754 -15.349342 -55.791698 -1.377426 4.201210 8.924497 -7.811359 
<Inverted_Deviation>
0.004135 0.005273 0.011420 0.009998 0.010933 0.012559 0.009961 0.013581 0.015860 
<LogVarVal> 46.907791
<Mixture> 2 <Weight> 0.333333
<Mean>
1199.550049 -3.771287 5.771629 74.713585 -33.051266 20.645994 2.807969 54.245613 -72.816528 
<Inverted_Deviation>
0.014244 0.005538 0.007083 0.070711 0.004875 0.005132 0.030180 0.006141 0.013275 
<LogVarVal> 45.709145
<State> 1
<NumMixes> 3
<Mixture> 0 <Weight> 0.250000
<Mean>
1239.555542 -60.391014 -2.831736 144.137878 27.422819 -77.107910 -3.001956 78.690994 29.777187 
<Inverted_Deviation>
0.012611 0.017926 0.017719 0.020003 0.012983 0.016728 0.008483 0.010048 0.070711 
<LogVarVal> 41.944931
<Mixture> 1 <Weight> 0.416667
<Mean>
1324.599976 -10.937973 18.103821 -77.241203 -22.232332 24.997341 111.025566 -41.648849 -50.098316 
<Inverted_Deviation>
0.015841 0.010324 0.039018 0.005566 0.015009 0.015016 0.010687 0.007561 0.024088 
<LogVarVal> 43.851799
<Mixture> 2 <Weight> 0.333333
<Mean>
1269.791504 -42.178825 -2.174843 26.096472 83.364609 53.649086 -238.621246 19.387865 50.590965 
<Inverted_Deviation>
0.020903 0.017016 0.019511 0.009132 0.006917 0.024610 0.007414 0.020828 0.014380 
<LogVarVal> 43.421669
<State> 2
<NumMixes> 3
<Mixture> 0 <Weight> 0.333333
<Mean>
1527.187500 -9.427618 -46.494892 11.954659 -117.356506 -42.896469 -55.308403 5.487083 16.654564 
<Inverted_Deviation>
0.011798 0.008780 0.011043 0.008462 0.011666 0.010217 0.005884 0.008391 0.013285 
<LogVarVal> 46.876377
<Mixture> 1 <Weight> 0.250000
<Mean>
1493.805542 -126.128723 -23.313948 -108.429100 48.651459 52.303997 44.347607 40.892197 3.887037 
<Inverted_Deviation>
0.010621 0.015354 0.017114 0.019153 0.006672 0.013061 0.032307 0.009337 0.017750 
<LogVarVal> 43.381332
<Mixture> 2 <Weight> 0.416667
<Mean>
1414.950073 123.093323 16.068073 145.414780 -14.531939 -24.810022 -62.408089 -53.941662 -11.706718 
<Inverted_Deviation>
0.006901 0.008231 0.007410 0.009418 0.013649 0.015740 0.018306 0.013724 0.012268 
<LogVarVal> 45.632607
<TransP>
-0.223144 -1.609438 -10000000000.000000 
-10000000000.000000 -0.287682 -1.386294 
-10000000000.000000 -10000000000.000000 0.000000 
<EndEmbeddedHMM>
