<NumSuperStates> 5
<NumStates> 3 6 6 6 3 
<NumMixtures> 3 3 3 3 3 3 3 3 3 3 3 3 3 3 3 3 3 3 3 3 3 3 3 3 
<VecSize> 9
<BeginExternalHMM>
<NumStates> 5
<TransP>
-0.405465 -1.098612 -10000000000.000000 -10000000000.000000 -10000000000.000000 
-10000000000.000000 -0.405465 -1.098612 -10000000000.000000 -10000000000.000000 
-10000000000.000000 -10000000000.000000 -0.405465 -1.098612 -10000000000.000000 
-10000000000.000000 -10000000000.000000 -10000000000.000000 -0.405465 -1.098612 
-10000000000.000000 -10000000000.000000 -10000000000.000000 -10000000000.000000 0.000000 
<EndExternalHMM>
<BeginEmbeddedHMM>
<NumStates> 3
<State> 0
<NumMixes> 3
<Mixture> 0 <Weight> 0.466667
<Mean>
468.690491 -12.824536 5.997320 24.024050 2.039098 3.301099 20.402271 -0.115682 -1.718269 
<Inverted_Deviation>
0.028480 0.031688 0.035803 0.026852 0.054649 0.049714 0.069218 0.070711 0.070711 
<LogVarVal> 32.985886
<Mixture> 1 <Weight> 0.333333
<Mean>
588.216675 -22.483999 -2.859608 110.588196 4.639816 1.862722 8.944753 9.730128 -1.106057 
<Inverted_Deviation>
0.022775 0.023275 0.022385 0.070711 0.070711 0.046893 0.052253 0.065067 0.055176 
<LogVarVal> 33.432529
<Mixture> 2 <Weight> 0.200000
<Mean>
552.111084 -64.083328 -17.966825 -18.357618 10.174655 -18.103304 35.662941 -23.656212 12.810915 
<Inverted_Deviation>
0.019756 0.058268 0.026500 0.012203 0.021558 0.021434 0.042871 0.043985 0.070711 
<LogVarVal> 36.557404
<State> 1
<NumMixes> 3
<Mixture> 0 <Weight> 0.200000
<Mean>
677.833313 8.878902 14.018914 123.464645 -19.642988 -3.085592 -7.766932 -24.790882 -5.620697 
<Inverted_Deviation>
0.070711 0.065693 0.047721 0.070711 0.048514 0.066607 0.070711 0.070711 0.018407 
<LogVarVal> 31.242914
<Mixture> 1 <Weight> 0.400000
<Mean>
566.770813 9.567119 12.933346 68.562767 1.656781 0.784545 36.202770 5.866310 -2.173491 
<Inverted_Deviation>
0.038040 0.025533 0.020414 0.070711 0.070711 0.061368 0.059942 0.061396 0.046585 
<LogVarVal> 32.740166
<Mixture> 2 <Weight> 0.400000
<Mean>
609.333313 21.670092 2.779805 -107.549324 -21.303894 15.324223 93.821625 8.206861 -8.752174 
<Inverted_Deviation>
0.025587 0.044062 0.015411 0.018086 0.015184 0.028066 0.032133 0.017710 0.055020 
<LogVarVal> 38.256615
<State> 2
<NumMixes> 3
<Mixture> 0 <Weight> 0.142857
<Mean>
596.625000 0.104803 -30.044004 63.582272 6.515678 -7.307622 33.110493 3.351278 -6.308707 
<Inverted_Deviation>
0.070711 0.015908 0.031563 0.070711 0.045032 0.070711 0.070711 0.066516 0.070711 
<LogVarVal> 31.804491
<Mixture> 1 <Weight> 0.428571
<Mean>
678.791626 2.776708 -5.489786 127.983238 3.710726 -4.397540 14.611385 -0.448897 1.102902 
<Inverted_Deviation>
0.033519 0.021318 0.020035 0.070711 0.070711 0.046535 0.070711 0.055988 0.044636 
<LogVarVal> 33.312256
<Mixture> 2 <Weight> 0.428571
<Mean>
537.347229 11.812903 -0.861576 27.155180 -6.624216 0.514670 12.681925 2.724977 3.986698 
<Inverted_Deviation>
0.033031 0.044323 0.047295 0.029747 0.053259 0.036538 0.064974 0.062279 0.070711 
<LogVarVal> 32.645252
<TransP>
-0.223144 -1.609438 -10000000000.000000 
-10000000000.000000 -0.356675 -1.203973 
-10000000000.000000 -10000000000.000000 0.000000 
<EndEmbeddedHMM>
<BeginEmbeddedHMM>
<NumStates> 6
<State> 0
<NumMixes> 3
<Mixture> 0 <Weight> 0.444444
<Mean>
865.645813 28.097393 -41.890118 -297.756348 -58.811333 29.408413 21.436453 27.499470 -0.272330 
<Inverted_Deviation>
0.005577 0.009238 0.007284 0.015538 0.009256 0.009500 0.023598 0.023399 0.025021 
<LogVarVal> 44.639858
<Mixture> 1 <Weight> 0.333333
<Mean>
546.972229 -14.826396 -10.036003 -133.221909 8.090771 14.694808 94.712738 0.407322 -10.555535 
<Inverted_Deviation>
0.032904 0.023516 0.014380 0.039937 0.039944 0.013264 0.055617 0.052752 0.020527 
<LogVarVal> 37.038296
<Mixture> 2 <Weight> 0.222222
<Mean>
1191.666626 -23.211784 -120.360107 -365.434357 24.727264 77.462189 -33.280151 -37.444176 -2.901711 
<Inverted_Deviation>
0.009832 0.004025 0.003615 0.058139 0.007164 0.052967 0.070711 0.070711 0.011228 
<LogVarVal> 41.420525
<State> 1
<NumMixes> 3
<Mixture> 0 <Weight> 0.333333
<Mean>
938.125000 -112.363815 52.728855 -146.624863 14.090137 10.639254 29.840725 -55.014256 3.093187 
<Inverted_Deviation>
0.006873 0.049474 0.070711 0.013067 0.010764 0.052186 0.011555 0.020641 0.021068 
<LogVarVal> 39.810081
<Mixture> 1 <Weight> 0.500000
<Mean>
692.666687 -38.382278 17.212017 -152.929535 -20.557684 -25.573071 12.969943 27.807547 3.273183 
<Inverted_Deviation>
0.010207 0.015903 0.037867 0.028165 0.020575 0.034176 0.014323 0.019765 0.042401 
<LogVarVal> 39.310776
<Mixture> 2 <Weight> 0.166667
<Mean>
1007.750000 64.401581 65.166565 -184.278503 -23.485821 -63.940792 6.217465 -29.678699 6.068375 
<Inverted_Deviation>
0.070711 0.070711 0.070711 0.070711 0.070711 0.070711 0.070711 0.070711 0.070711 
<LogVarVal> 28.993713
<State> 2
<NumMixes> 3
<Mixture> 0 <Weight> 0.166667
<Mean>
1385.000000 -61.317574 -126.284653 -325.259094 -44.525360 103.281075 194.430038 48.552414 -38.464840 
<Inverted_Deviation>
0.070711 0.070711 0.070711 0.070711 0.070711 0.070711 0.070711 0.070711 0.070711 
<LogVarVal> 28.993713
<Mixture> 1 <Weight> 0.666667
<Mean>
902.812439 -59.415413 -22.965065 -166.039856 54.914818 0.175509 -37.060730 10.521128 8.848770 
<Inverted_Deviation>
0.006454 0.016238 0.027609 0.011475 0.031280 0.015370 0.056530 0.028084 0.028172 
<LogVarVal> 40.026871
<Mixture> 2 <Weight> 0.166667
<Mean>
1249.833252 -239.407639 11.372585 -327.905609 119.698730 -13.532306 169.505630 -87.886475 -50.816067 
<Inverted_Deviation>
0.070711 0.070711 0.070711 0.070711 0.070711 0.070711 0.070711 0.070711 0.070711 
<LogVarVal> 28.993713
<State> 3
<NumMixes> 3
<Mixture> 0 <Weight> 0.500000
<Mean>
997.222168 163.951706 -1.327145 -162.980927 -11.767485 8.466667 -25.725492 6.192434 11.008350 
<Inverted_Deviation>
0.007644 0.016581 0.011384 0.061744 0.050186 0.033750 0.010208 0.049653 0.070711 
<LogVarVal> 38.002117
<Mixture> 1 <Weight> 0.333333
<Mean>
742.833252 84.508240 -2.393250 -225.793045 -68.272018 22.286316 31.252132 -43.593224 -0.878979 
<Inverted_Deviation>
0.024737 0.069119 0.011500 0.019596 0.022668 0.061260 0.043573 0.070711 0.025335 
<LogVarVal> 35.957882
<Mixture> 2 <Weight> 0.166667
<Mean>
1326.250000 208.507721 -55.494865 -278.153442 -132.017197 -50.343082 137.651840 81.556053 23.371151 
<Inverted_Deviation>
0.070711 0.070711 0.070711 0.070711 0.070711 0.070711 0.070711 0.070711 0.070711 
<LogVarVal> 28.993713
<State> 4
<NumMixes> 3
<Mixture> 0 <Weight> 0.333333
<Mean>
961.250000 -141.474854 11.084201 -222.132339 87.666801 -25.426159 -22.436668 7.818022 12.035869 
<Inverted_Deviation>
0.004685 0.016196 0.070711 0.070711 0.043299 0.070711 0.016156 0.042603 0.030675 
<LogVarVal> 36.490288
<Mixture> 1 <Weight> 0.500000
<Mean>
688.277771 -1.884059 26.441734 -146.891663 10.138423 -35.730736 49.616394 -13.551786 -5.893003 
<Inverted_Deviation>
0.011585 0.069624 0.020122 0.046325 0.024174 0.024280 0.007581 0.042571 0.046118 
<LogVarVal> 37.807827
<Mixture> 2 <Weight> 0.166667
<Mean>
1017.416626 -18.172819 112.419632 -168.947739 13.242730 -13.125437 41.449673 10.119267 -5.830501 
<Inverted_Deviation>
0.070711 0.070711 0.070711 0.070711 0.070711 0.070711 0.070711 0.070711 0.070711 
<LogVarVal> 28.993713
<State> 5
<NumMixes> 3
<Mixture> 0 <Weight> 0.333333
<Mean>
973.666626 209.495850 -161.610931 -312.758667 -76.251213 127.343414 9.614717 -22.809956 -5.627882 
<Inverted_Deviation>
0.004127 0.014331 0.013116 0.033982 0.031534 0.070711 0.018015 0.046686 0.011505 
<LogVarVal> 40.254345
<Mixture> 1 <Weight> 0.500000
<Mean>
698.250000 16.802643 -22.527395 -197.540741 4.252670 18.560406 68.133965 -7.934482 0.251799 
<Inverted_Deviation>
0.005178 0.012485 0.048531 0.007326 0.009998 0.070711 0.012585 0.011133 0.045679 
<LogVarVal> 41.953434
<Mixture> 2 <Weight> 0.166667
<Mean>
1276.833252 -121.231773 -46.538998 -328.696655 115.086517 -4.178401 -30.676170 52.407047 -19.167253 
<Inverted_Deviation>
0.070711 0.070711 0.070711 0.070711 0.070711 0.070711 0.070711 0.070711 0.070711 
<LogVarVal> 28.993713
<TransP>
-0.405465 -1.098612 -10000000000.000000 -10000000000.000000 -10000000000.000000 -10000000000.000000 
-10000000000.000000 -0.693147 -0.693147 -10000000000.000000 -10000000000.000000 -10000000000.000000 
-10000000000.000000 -10000000000.000000 -0.693147 -0.693147 -10000000000.000000 -10000000000.000000 
-10000000000.000000 -10000000000.000000 -10000000000.000000 -0.693147 -0.693147 -10000000000.000000 
-10000000000.000000 -10000000000.000000 -10000000000.000000 -10000000000.000000 -0.693147 -0.693147 
-10000000000.000000 -10000000000.000000 -10000000000.000000 -10000000000.000000 -10000000000.000000 0.000000 
<EndEmbeddedHMM>
<BeginEmbeddedHMM>
<NumStates> 6
<State> 0
<NumMixes> 3
<Mixture> 0 <Weight> 0.444444
<Mean>
2078.791504 2.092133 -70.051285 -131.913803 109.919159 30.007309 -138.526596 23.683872 -0.393391 
<Inverted_Deviation>
0.007861 0.006167 0.027407 0.003689 0.014039 0.042526 0.020686 0.014749 0.021720 
<LogVarVal> 43.633095
<Mixture> 1 <Weight> 0.222222
<Mean>
1638.416626 149.018433 -16.815748 -421.762238 34.549309 44.874184 107.376511 -97.501236 -4.855445 
<Inverted_Deviation>
0.007328 0.023241 0.036326 0.019154 0.011603 0.012024 0.013868 0.070711 0.025777 
<LogVarVal> 40.562672
<Mixture> 2 <Weight> 0.333333
<Mean>
1559.444336 -533.230835 -304.174316 -53.422531 122.704559 -61.799919 -67.343826 18.150118 8.804470 
<Inverted_Deviation>
0.010613 0.006287 0.012225 0.004400 0.009907 0.021852 0.024625 0.013269 0.036394 
<LogVarVal> 44.374298
<State> 1
<NumMixes> 3
<Mixture> 0 <Weight> 0.333333
<Mean>
2032.375000 -149.126068 103.611557 -156.198975 -46.496456 -89.609489 -159.503067 -50.584335 29.374542 
<Inverted_Deviation>
0.006450 0.070711 0.021853 0.003061 0.010937 0.013058 0.012147 0.007609 0.012416 
<LogVarVal> 44.988346
<Mixture> 1 <Weight> 0.500000
<Mean>
1603.027710 -9.529654 71.962395 -473.987488 25.988661 23.433134 46.022060 65.043762 -47.959229 
<Inverted_Deviation>
0.003667 0.006527 0.016738 0.018527 0.016937 0.013332 0.004003 0.017818 0.028757 
<LogVarVal> 45.363110
<Mixture> 2 <Weight> 0.166667
<Mean>
2102.583252 136.965591 53.556526 74.369453 -125.961945 42.313499 -153.609543 -22.361498 124.789032 
<Inverted_Deviation>
0.070711 0.070711 0.070711 0.070711 0.070711 0.070711 0.070711 0.070711 0.070711 
<LogVarVal> 28.993713
<State> 2
<NumMixes> 3
<Mixture> 0 <Weight> 0.333333
<Mean>
2375.250000 49.133255 -230.581665 -155.427612 22.971148 -26.993385 -84.847824 -10.600225 20.344469 
<Inverted_Deviation>
0.006832 0.070711 0.027874 0.006078 0.045666 0.036375 0.012907 0.012443 0.020389 
<LogVarVal> 40.499416
<Mixture> 1 <Weight> 0.500000
<Mean>
1924.361084 -195.474106 -40.895206 -471.804688 -29.911741 18.185766 -86.901001 9.987608 33.347218 
<Inverted_Deviation>
0.003518 0.004877 0.006578 0.005361 0.011983 0.017408 0.006964 0.008672 0.036346 
<LogVarVal> 47.881432
<Mixture> 2 <Weight> 0.166667
<Mean>
2373.750000 -329.594086 -28.908056 94.683891 92.712952 95.955589 -37.522057 7.722565 -101.875198 
<Inverted_Deviation>
0.070711 0.070711 0.070711 0.070711 0.070711 0.070711 0.070711 0.070711 0.070711 
<LogVarVal> 28.993713
<State> 3
<NumMixes> 3
<Mixture> 0 <Weight> 0.500000
<Mean>
2014.111084 198.162994 96.109276 -177.706635 -32.191490 -23.408718 -147.678085 76.815842 -39.657761 
<Inverted_Deviation>
0.006275 0.005557 0.017399 0.004159 0.006974 0.019179 0.014236 0.062470 0.008189 
<LogVarVal> 45.698399
<Mixture> 1 <Weight> 0.333333
<Mean>
1610.166504 205.429626 31.226004 -467.631500 3.258667 -50.110905 69.075630 -94.740288 -9.232638 
<Inverted_Deviation>
0.005687 0.010468 0.069849 0.041899 0.008602 0.015601 0.013037 0.038567 0.055951 
<LogVarVal> 40.108952
<Mixture> 2 <Weight> 0.166667
<Mean>
2321.000000 343.150818 -5.375973 -9.083446 -11.655090 110.495468 -20.623768 -59.381977 21.972645 
<Inverted_Deviation>
0.070711 0.070711 0.070711 0.070711 0.070711 0.070711 0.070711 0.070711 0.070711 
<LogVarVal> 28.993713
<State> 4
<NumMixes> 3
<Mixture> 0 <Weight> 0.333333
<Mean>
1933.041504 -128.739624 -3.159893 -386.750000 6.903946 54.556934 -191.614365 -54.602478 -3.785980 
<Inverted_Deviation>
0.010626 0.065392 0.016604 0.070711 0.009305 0.070711 0.023080 0.070711 0.048995 
<LogVarVal> 35.930706
<Mixture> 1 <Weight> 0.333333
<Mean>
1503.875000 -110.355675 49.788494 -484.641296 -22.474648 32.524483 161.665070 21.710766 -23.814154 
<Inverted_Deviation>
0.012965 0.011441 0.017959 0.064030 0.015805 0.070711 0.049720 0.020129 0.070711 
<LogVarVal> 37.088089
<Mixture> 2 <Weight> 0.333333
<Mean>
2111.083252 -135.958176 -5.849678 121.530151 47.512295 -29.079769 -163.647491 26.748714 56.509365 
<Inverted_Deviation>
0.013176 0.070711 0.006993 0.070711 0.014012 0.008302 0.021507 0.008304 0.015399 
<LogVarVal> 41.604748
<State> 5
<NumMixes> 3
<Mixture> 0 <Weight> 0.500000
<Mean>
1648.555542 467.989258 -291.696167 -103.285049 -89.993645 -13.351013 -56.406189 -4.216726 8.581125 
<Inverted_Deviation>
0.006662 0.008204 0.052838 0.004970 0.023139 0.050165 0.021062 0.019769 0.036680 
<LogVarVal> 41.058861
<Mixture> 1 <Weight> 0.333333
<Mean>
1886.750000 -51.210495 -43.750328 -322.463013 -124.985191 12.174947 -21.081005 33.308037 4.554112 
<Inverted_Deviation>
0.004123 0.010986 0.070711 0.014093 0.031170 0.070711 0.008076 0.012009 0.070711 
<LogVarVal> 40.072342
<Mixture> 2 <Weight> 0.166667
<Mean>
2187.916504 100.291176 -64.177513 52.169888 -3.517516 21.564249 -127.259697 -62.934055 -8.112818 
<Inverted_Deviation>
0.070711 0.070711 0.070711 0.070711 0.070711 0.070711 0.070711 0.070711 0.070711 
<LogVarVal> 28.993713
<TransP>
-0.405465 -1.098612 -10000000000.000000 -10000000000.000000 -10000000000.000000 -10000000000.000000 
-10000000000.000000 -0.693147 -0.693147 -10000000000.000000 -10000000000.000000 -10000000000.000000 
-10000000000.000000 -10000000000.000000 -0.693147 -0.693147 -10000000000.000000 -10000000000.000000 
-10000000000.000000 -10000000000.000000 -10000000000.000000 -0.693147 -0.693147 -10000000000.000000 
-10000000000.000000 -10000000000.000000 -10000000000.000000 -10000000000.000000 -0.693147 -0.693147 
-10000000000.000000 -10000000000.000000 -10000000000.000000 -10000000000.000000 -10000000000.000000 0.000000 
<EndEmbeddedHMM>
<BeginEmbeddedHMM>
<NumStates> 6
<State> 0
<NumMixes> 3
<Mixture> 0 <Weight> 0.222222
<Mean>
1571.125000 80.769226 -58.968567 211.265259 56.855579 -53.364346 78.225525 -44.994221 -23.655661 
<Inverted_Deviation>
0.005778 0.019423 0.033696 0.006533 0.011189 0.025268 0.070711 0.068821 0.015900 
<LogVarVal> 40.305283
<Mixture> 1 <Weight> 0.333333
<Mean>
1835.472168 -143.917831 -153.961319 310.812988 -25.946037 47.643852 -43.160461 7.646091 16.439100 
<Inverted_Deviation>
0.003820 0.004628 0.015883 0.025135 0.017367 0.037403 0.012734 0.022525 0.022971 
<LogVarVal> 43.189579
<Mixture> 2 <Weight> 0.444444
<Mean>
1147.374878 -519.494995 -78.165070 222.132141 -29.925718 -70.984192 17.229031 0.606106 19.567598 
<Inverted_Deviation>
0.003752 0.005157 0.006628 0.035951 0.010185 0.025633 0.030857 0.021235 0.030415 
<LogVarVal> 43.420399
<State> 1
<NumMixes> 3
<Mixture> 0 <Weight> 0.333333
<Mean>
1498.958252 -35.039318 -25.611519 159.825409 -109.979858 116.232307 67.708000 -7.308010 87.781746 
<Inverted_Deviation>
0.006490 0.011659 0.017096 0.006761 0.047705 0.005762 0.011066 0.070711 0.008247 
<LogVarVal> 43.856216
<Mixture> 1 <Weight> 0.500000
<Mean>
1803.250000 49.402660 106.125145 294.206482 76.477310 -19.908733 -10.672900 1.964472 -60.493050 
<Inverted_Deviation>
0.005501 0.005741 0.014727 0.012214 0.009008 0.012135 0.008371 0.008147 0.015687 
<LogVarVal> 47.006985
<Mixture> 2 <Weight> 0.166667
<Mean>
1440.166626 1.741200 55.459015 50.179203 28.495714 104.090973 5.978257 147.041916 -54.130280 
<Inverted_Deviation>
0.070711 0.070711 0.070711 0.070711 0.070711 0.070711 0.070711 0.070711 0.070711 
<LogVarVal> 28.993713
<State> 2
<NumMixes> 3
<Mixture> 0 <Weight> 0.333333
<Mean>
1666.124878 10.124477 -32.516312 522.580750 -177.330719 -108.942978 150.248611 -3.829712 -6.572862 
<Inverted_Deviation>
0.070711 0.015403 0.014066 0.006444 0.004500 0.070711 0.070711 0.034431 0.020538 
<LogVarVal> 39.238583
<Mixture> 1 <Weight> 0.333333
<Mean>
2104.291504 -114.989731 -93.798271 422.128784 -76.171051 -26.986286 -245.710052 77.722359 61.650604 
<Inverted_Deviation>
0.011012 0.004816 0.062873 0.051610 0.012262 0.006247 0.011284 0.008581 0.015025 
<LogVarVal> 43.644203
<Mixture> 2 <Weight> 0.333333
<Mean>
1276.291626 94.962479 18.669224 134.765289 -19.081457 -11.628219 94.595924 -97.632469 -58.741016 
<Inverted_Deviation>
0.014468 0.024700 0.020258 0.037723 0.070012 0.018019 0.010615 0.008654 0.030052 
<LogVarVal> 39.740219
<State> 3
<NumMixes> 3
<Mixture> 0 <Weight> 0.333333
<Mean>
1588.000000 62.399284 -22.799768 402.788849 237.502518 -4.415455 113.218597 12.474911 30.999140 
<Inverted_Deviation>
0.014481 0.018647 0.025245 0.006134 0.070711 0.007031 0.070711 0.014250 0.030453 
<LogVarVal> 40.139565
<Mixture> 1 <Weight> 0.333333
<Mean>
1934.916504 205.751526 13.331738 339.103577 78.902954 71.167686 -174.770294 -136.018646 24.965172 
<Inverted_Deviation>
0.006409 0.029643 0.011366 0.028898 0.006029 0.008397 0.010149 0.015588 0.016662 
<LogVarVal> 44.478252
<Mixture> 2 <Weight> 0.333333
<Mean>
1243.833252 -50.578331 -4.403103 149.038208 24.655289 -39.134666 60.368896 110.250092 -11.522701 
<Inverted_Deviation>
0.051097 0.070711 0.012687 0.028680 0.011936 0.026883 0.013865 0.043130 0.014635 
<LogVarVal> 38.383884
<State> 4
<NumMixes> 3
<Mixture> 0 <Weight> 0.500000
<Mean>
1486.638916 -84.735855 64.166275 155.569275 -69.260414 13.067878 102.954803 -31.286154 -45.271770 
<Inverted_Deviation>
0.009224 0.008633 0.016994 0.006588 0.020232 0.005773 0.013878 0.014162 0.023709 
<LogVarVal> 45.018383
<Mixture> 1 <Weight> 0.333333
<Mean>
1848.708252 -135.952393 28.679142 379.020752 -42.329300 -69.977531 -28.119467 39.018642 -30.458088 
<Inverted_Deviation>
0.014394 0.016356 0.006338 0.022153 0.006976 0.070711 0.070711 0.014723 0.007142 
<LogVarVal> 41.799961
<Mixture> 2 <Weight> 0.166667
<Mean>
1308.750000 -3.008524 33.335266 60.292339 97.944786 53.712719 -3.788676 -59.075676 103.183212 
<Inverted_Deviation>
0.070711 0.070711 0.070711 0.070711 0.070711 0.070711 0.070711 0.070711 0.070711 
<LogVarVal> 28.993713
<State> 5
<NumMixes> 3
<Mixture> 0 <Weight> 0.500000
<Mean>
1317.750000 512.416687 -215.069397 217.105392 31.904999 -58.033230 1.456268 6.180860 28.660500 
<Inverted_Deviation>
0.003422 0.022463 0.011713 0.034164 0.015253 0.010417 0.027768 0.018221 0.023364 
<LogVarVal> 42.541245
<Mixture> 1 <Weight> 0.333333
<Mean>
1820.250000 -5.449331 -94.165466 315.740784 90.911621 20.610476 0.552032 26.680893 -6.195857 
<Inverted_Deviation>
0.004228 0.018521 0.037748 0.070711 0.019161 0.068525 0.010600 0.012431 0.027759 
<LogVarVal> 39.686241
<Mixture> 2 <Weight> 0.166667
<Mean>
1373.166626 32.951214 -180.629837 154.558640 -184.213165 91.473770 47.852772 78.821259 -11.905873 
<Inverted_Deviation>
0.070711 0.070711 0.070711 0.070711 0.070711 0.070711 0.070711 0.070711 0.070711 
<LogVarVal> 28.993713
<TransP>
-0.405465 -1.098612 -10000000000.000000 -10000000000.000000 -10000000000.000000 -10000000000.000000 
-10000000000.000000 -0.693147 -0.693147 -10000000000.000000 -10000000000.000000 -10000000000.000000 
-10000000000.000000 -10000000000.000000 -0.693147 -0.693147 -10000000000.000000 -10000000000.000000 
-10000000000.000000 -10000000000.000000 -10000000000.000000 -0.693147 -0.693147 -10000000000.000000 
-10000000000.000000 -10000000000.000000 -10000000000.000000 -10000000000.000000 -0.693147 -0.693147 
-10000000000.000000 -10000000000.000000 -10000000000.000000 -10000000000.000000 -10000000000.000000 0.000000 
<EndEmbeddedHMM>
<BeginEmbeddedHMM>
<NumStates> 3
<State> 0
<NumMixes> 3
<Mixture> 0 <Weight> 0.133333
<Mean>
1267.666626 -175.147705 -240.220581 -28.170113 5.489080 88.589531 47.654503 -24.360779 12.669413 
<Inverted_Deviation>
0.070711 0.026860 0.012582 0.010981 0.030723 0.034071 0.013022 0.007871 0.070711 
<LogVarVal> 39.001446
<Mixture> 1 <Weight> 0.400000
<Mean>
793.861084 -364.738983 42.303761 22.458731 -6.821458 -32.539948 24.885254 9.780341 -7.909410 
<Inverted_Deviation>
0.003559 0.008682 0.006977 0.006861 0.010930 0.010037 0.012130 0.015664 0.014105 
<LogVarVal> 47.430561
<Mixture> 2 <Weight> 0.466667
<Mean>
1372.369263 10.221859 -6.843346 3.294164 4.892626 -9.106795 1.932303 5.355577 -1.694281 
<Inverted_Deviation>
0.014982 0.012019 0.011280 0.012198 0.009310 0.007652 0.013057 0.013726 0.006760 
<LogVarVal> 45.837563
<State> 1
<NumMixes> 3
<Mixture> 0 <Weight> 0.153846
<Mean>
1309.208252 -46.493111 -30.962885 -45.507744 28.927757 4.460618 21.369308 -112.156982 -41.605389 
<Inverted_Deviation>
0.012712 0.009143 0.070711 0.046637 0.015863 0.022110 0.013315 0.016843 0.064145 
<LogVarVal> 39.030552
<Mixture> 1 <Weight> 0.384615
<Mean>
1224.750000 -8.119707 36.047825 -50.560398 54.235310 22.938467 -9.038707 12.859906 22.489914 
<Inverted_Deviation>
0.011863 0.007659 0.022415 0.013744 0.012340 0.030696 0.020858 0.010512 0.023575 
<LogVarVal> 42.594036
<Mixture> 2 <Weight> 0.461538
<Mean>
1327.277710 4.314602 1.406518 -52.420113 -30.292807 -6.001435 49.491371 47.059464 -21.410048 
<Inverted_Deviation>
0.011061 0.011791 0.023122 0.016869 0.015831 0.022339 0.014880 0.016706 0.018803 
<LogVarVal> 42.165936
<State> 2
<NumMixes> 3
<Mixture> 0 <Weight> 0.454545
<Mean>
1319.700073 84.223549 -65.425827 36.393364 -130.413071 24.538107 -38.529148 -0.179149 40.168816 
<Inverted_Deviation>
0.006954 0.007197 0.010245 0.007300 0.007611 0.012322 0.025808 0.010562 0.019926 
<LogVarVal> 45.952393
<Mixture> 1 <Weight> 0.181818
<Mean>
516.666626 220.345093 98.581642 140.358276 151.048981 50.969467 37.656326 25.726986 -26.392998 
<Inverted_Deviation>
0.008588 0.008692 0.041269 0.012777 0.017902 0.018863 0.070711 0.029149 0.016298 
<LogVarVal> 40.496326
<Mixture> 2 <Weight> 0.363636
<Mean>
932.000000 394.807587 -27.611338 148.882996 -8.430880 -105.550217 10.362271 -61.059326 -25.618610 
<Inverted_Deviation>
0.004659 0.021207 0.008762 0.012526 0.013058 0.007671 0.023063 0.019790 0.020689 
<LogVarVal> 44.269806
<TransP>
-0.223144 -1.609438 -10000000000.000000 
-10000000000.000000 -0.262364 -1.466337 
-10000000000.000000 -10000000000.000000 0.000000 
<EndEmbeddedHMM>
