<NumSuperStates> 5
<NumStates> 3 6 6 6 3 
<NumMixtures> 3 3 3 3 3 3 3 3 3 3 3 3 3 3 3 3 3 3 3 3 3 3 3 3 
<VecSize> 9
<BeginExternalHMM>
<NumStates> 5
<TransP>
-0.405465 -1.098612 -10000000000.000000 -10000000000.000000 -10000000000.000000 
-10000000000.000000 -0.405465 -1.098612 -10000000000.000000 -10000000000.000000 
-10000000000.000000 -10000000000.000000 -0.405465 -1.098612 -10000000000.000000 
-10000000000.000000 -10000000000.000000 -10000000000.000000 -0.405465 -1.098612 
-10000000000.000000 -10000000000.000000 -10000000000.000000 -10000000000.000000 0.000000 
<EndExternalHMM>
<BeginEmbeddedHMM>
<NumStates> 3
<State> 0
<NumMixes> 3
<Mixture> 0 <Weight> 0.272727
<Mean>
936.055542 50.783321 -21.147024 -100.411400 -77.495850 -13.577613 -1.290866 53.288097 53.484947 
<Inverted_Deviation>
0.008764 0.014111 0.012875 0.018585 0.023504 0.025608 0.009391 0.025524 0.015627 
<LogVarVal> 42.397377
<Mixture> 1 <Weight> 0.454545
<Mean>
864.666626 -54.623219 9.124465 -53.457184 51.736073 29.496851 17.873327 18.812315 -26.912947 
<Inverted_Deviation>
0.010658 0.010082 0.012995 0.010327 0.027888 0.013803 0.016039 0.013304 0.017740 
<LogVarVal> 43.552727
<Mixture> 2 <Weight> 0.272727
<Mean>
952.805542 -4.580928 29.058683 -117.958023 71.513008 -28.126974 -1.421047 -103.355499 -5.156428 
<Inverted_Deviation>
0.010833 0.008076 0.044534 0.036621 0.015407 0.022362 0.010840 0.024783 0.017603 
<LogVarVal> 41.148941
<State> 1
<NumMixes> 3
<Mixture> 0 <Weight> 0.062500
<Mean>
838.000000 -25.975027 -16.068739 -33.343475 17.319725 19.598896 31.712654 -12.306581 -10.643320 
<Inverted_Deviation>
0.070711 0.070711 0.070711 0.070711 0.070711 0.070711 0.070711 0.070711 0.070711 
<LogVarVal> 28.993713
<Mixture> 1 <Weight> 0.687500
<Mean>
803.901489 -6.786725 1.990950 -0.631366 1.642122 -0.070153 10.102776 -1.754895 0.044440 
<Inverted_Deviation>
0.062515 0.049230 0.070711 0.047213 0.051913 0.070711 0.070711 0.070711 0.070711 
<LogVarVal> 30.191948
<Mixture> 2 <Weight> 0.250000
<Mean>
921.729126 8.694109 -5.983295 -147.966217 -27.536461 8.354403 67.931740 28.573608 -2.012206 
<Inverted_Deviation>
0.049683 0.069514 0.066931 0.017279 0.031473 0.069580 0.017149 0.022072 0.034064 
<LogVarVal> 34.964611
<State> 2
<NumMixes> 3
<Mixture> 0 <Weight> 0.083333
<Mean>
968.416626 -90.007011 38.148430 102.614563 -76.967682 42.848957 51.907791 -47.082146 29.446310 
<Inverted_Deviation>
0.070711 0.070711 0.070711 0.070711 0.070711 0.070711 0.070711 0.070711 0.070711 
<LogVarVal> 28.993713
<Mixture> 1 <Weight> 0.500000
<Mean>
862.069458 -20.808851 6.909273 22.065863 -12.181620 -0.812909 8.158377 -0.122568 2.290598 
<Inverted_Deviation>
0.038749 0.067371 0.070711 0.070711 0.070711 0.070711 0.070711 0.070711 0.070711 
<LogVarVal> 29.643583
<Mixture> 2 <Weight> 0.416667
<Mean>
861.433289 12.198689 2.615384 -30.029135 -21.484154 -0.955043 9.854764 -1.769812 -0.070374 
<Inverted_Deviation>
0.046182 0.070711 0.070711 0.041905 0.070711 0.070711 0.042993 0.035591 0.054672 
<LogVarVal> 31.384212
<TransP>
-0.318454 -1.299283 -10000000000.000000 
-10000000000.000000 -0.207639 -1.673976 
-10000000000.000000 -10000000000.000000 0.000000 
<EndEmbeddedHMM>
<BeginEmbeddedHMM>
<NumStates> 6
<State> 0
<NumMixes> 3
<Mixture> 0 <Weight> 0.444444
<Mean>
1256.604126 127.787842 -24.047958 -58.184357 -83.733612 -38.920258 -14.005192 -16.431110 -13.644910 
<Inverted_Deviation>
0.006668 0.011668 0.016010 0.014517 0.025017 0.019785 0.024712 0.042969 0.030090 
<LogVarVal> 40.941868
<Mixture> 1 <Weight> 0.333333
<Mean>
1052.777710 -184.453156 -32.891487 -147.624023 -22.829113 94.204117 40.170776 29.213339 9.637409 
<Inverted_Deviation>
0.007703 0.024769 0.016776 0.015614 0.007883 0.022660 0.052282 0.038425 0.012750 
<LogVarVal> 41.165466
<Mixture> 2 <Weight> 0.222222
<Mean>
1308.375000 -83.695122 -152.010574 -197.199753 -102.136696 22.297024 -31.314526 4.849840 19.174301 
<Inverted_Deviation>
0.010872 0.006918 0.012770 0.023936 0.019145 0.009752 0.056130 0.066104 0.055718 
<LogVarVal> 39.809628
<State> 1
<NumMixes> 3
<Mixture> 0 <Weight> 0.333333
<Mean>
1165.250000 -135.952637 49.621510 6.435464 45.586685 -41.808193 5.117414 -17.837629 -2.183413 
<Inverted_Deviation>
0.070711 0.039313 0.028320 0.070711 0.027049 0.070711 0.045963 0.063446 0.070711 
<LogVarVal> 31.995905
<Mixture> 1 <Weight> 0.333333
<Mean>
1106.583252 34.761688 37.959953 -58.234585 94.839569 0.238937 -23.161642 76.326897 0.559910 
<Inverted_Deviation>
0.033141 0.013079 0.070711 0.014953 0.070711 0.018860 0.019150 0.070711 0.020042 
<LogVarVal> 36.881447
<Mixture> 2 <Weight> 0.333333
<Mean>
1115.125000 34.980812 79.817825 19.618290 -32.797405 -16.592308 -13.706515 -15.840451 2.773024 
<Inverted_Deviation>
0.070711 0.031504 0.070711 0.070711 0.067974 0.054491 0.045618 0.070711 0.070711 
<LogVarVal> 30.540514
<State> 2
<NumMixes> 3
<Mixture> 0 <Weight> 0.333333
<Mean>
1275.000000 71.703102 -51.633263 -32.118217 -26.837753 18.379494 -3.389449 18.402586 9.287365 
<Inverted_Deviation>
0.032765 0.064949 0.070711 0.070711 0.029428 0.064285 0.032282 0.040381 0.070711 
<LogVarVal> 32.164146
<Mixture> 1 <Weight> 0.333333
<Mean>
1092.166626 4.552968 -19.982714 -193.162064 15.522427 14.522120 -94.397743 -18.051504 8.849463 
<Inverted_Deviation>
0.070711 0.023507 0.070711 0.070711 0.037418 0.070711 0.070711 0.052603 0.070711 
<LogVarVal> 31.027285
<Mixture> 2 <Weight> 0.333333
<Mean>
1257.166626 -92.412338 -71.174492 -15.524652 42.233208 36.731865 5.914262 7.981155 -14.093776 
<Inverted_Deviation>
0.067344 0.030601 0.040204 0.060249 0.070711 0.039769 0.043496 0.070711 0.054728 
<LogVarVal> 31.922466
<State> 3
<NumMixes> 3
<Mixture> 0 <Weight> 0.333333
<Mean>
1090.750000 52.259041 26.231396 4.857203 8.224918 -15.832628 -25.552189 6.107537 -6.104353 
<Inverted_Deviation>
0.055836 0.070711 0.070711 0.023361 0.070711 0.070711 0.015668 0.070711 0.070711 
<LogVarVal> 31.844410
<Mixture> 1 <Weight> 0.333333
<Mean>
1038.625000 30.408066 -2.319176 -133.765015 -55.626499 -7.499134 -16.003656 -43.294205 3.246207 
<Inverted_Deviation>
0.034565 0.070711 0.070711 0.028391 0.062018 0.028199 0.029744 0.070711 0.070711 
<LogVarVal> 32.538425
<Mixture> 2 <Weight> 0.333333
<Mean>
1181.250000 104.400139 13.493315 -3.616227 -21.183687 -13.969837 -18.515915 1.560964 0.142842 
<Inverted_Deviation>
0.064786 0.070711 0.070711 0.031635 0.070711 0.070711 0.021097 0.070711 0.043744 
<LogVarVal> 31.575274
<State> 4
<NumMixes> 3
<Mixture> 0 <Weight> 0.333333
<Mean>
1198.458252 -121.903725 -15.411051 -80.203918 45.285446 22.895853 -65.983032 28.597816 -1.745512 
<Inverted_Deviation>
0.012432 0.031314 0.070711 0.008813 0.018136 0.070711 0.030877 0.045520 0.070711 
<LogVarVal> 36.258614
<Mixture> 1 <Weight> 0.500000
<Mean>
1026.611084 -14.145019 27.807552 -113.486771 60.310661 -12.052478 20.467321 -16.969028 -0.616559 
<Inverted_Deviation>
0.019517 0.027957 0.042434 0.022537 0.048529 0.052824 0.010801 0.044680 0.070711 
<LogVarVal> 35.869072
<Mixture> 2 <Weight> 0.166667
<Mean>
1142.416626 -92.410881 57.891998 11.297322 38.036739 -5.002200 -7.987604 32.232014 -8.498983 
<Inverted_Deviation>
0.070711 0.070711 0.070711 0.070711 0.070711 0.070711 0.070711 0.070711 0.070711 
<LogVarVal> 28.993713
<State> 5
<NumMixes> 3
<Mixture> 0 <Weight> 0.333333
<Mean>
1094.791626 214.201447 -27.834885 -131.237061 -47.740181 99.413742 -9.422729 -56.502266 -41.779720 
<Inverted_Deviation>
0.009099 0.025806 0.014504 0.070711 0.009555 0.013156 0.070711 0.070711 0.025745 
<LogVarVal> 38.329807
<Mixture> 1 <Weight> 0.500000
<Mean>
998.555542 70.224197 -40.349407 -140.181335 -55.182186 29.484924 34.989365 1.369944 11.243269 
<Inverted_Deviation>
0.007351 0.070711 0.010997 0.012105 0.015467 0.015456 0.016062 0.014632 0.016437 
<LogVarVal> 42.440594
<Mixture> 2 <Weight> 0.166667
<Mean>
1327.083252 1.790849 -80.026764 -125.988213 127.014503 -110.251450 -48.230762 -33.403419 53.181507 
<Inverted_Deviation>
0.070711 0.070711 0.070711 0.070711 0.070711 0.070711 0.070711 0.070711 0.070711 
<LogVarVal> 28.993713
<TransP>
-0.405465 -1.098612 -10000000000.000000 -10000000000.000000 -10000000000.000000 -10000000000.000000 
-10000000000.000000 -0.693147 -0.693147 -10000000000.000000 -10000000000.000000 -10000000000.000000 
-10000000000.000000 -10000000000.000000 -0.693147 -0.693147 -10000000000.000000 -10000000000.000000 
-10000000000.000000 -10000000000.000000 -10000000000.000000 -0.693147 -0.693147 -10000000000.000000 
-10000000000.000000 -10000000000.000000 -10000000000.000000 -10000000000.000000 -0.693147 -0.693147 
-10000000000.000000 -10000000000.000000 -10000000000.000000 -10000000000.000000 -10000000000.000000 0.000000 
<EndEmbeddedHMM>
<BeginEmbeddedHMM>
<NumStates> 6
<State> 0
<NumMixes> 3
<Mixture> 0 <Weight> 0.333333
<Mean>
1350.111084 181.105469 37.122601 -44.034359 31.307446 4.526514 3.938320 2.008386 -9.007957 
<Inverted_Deviation>
0.015986 0.022834 0.070711 0.042895 0.022748 0.036019 0.020924 0.021472 0.070711 
<LogVarVal> 36.328983
<Mixture> 1 <Weight> 0.333333
<Mean>
1576.555420 223.529968 -9.695415 -13.557919 24.639181 -9.888722 -1.337856 -14.168345 -2.761823 
<Inverted_Deviation>
0.037662 0.028130 0.065624 0.020823 0.017714 0.070711 0.062053 0.022816 0.070711 
<LogVarVal> 34.488625
<Mixture> 2 <Weight> 0.333333
<Mean>
1595.111084 -98.181808 -244.214645 -30.803137 -41.264053 -42.795486 0.303754 10.956192 28.555302 
<Inverted_Deviation>
0.023335 0.017359 0.015503 0.013993 0.019891 0.012399 0.014898 0.019137 0.039445 
<LogVarVal> 41.101860
<State> 1
<NumMixes> 3
<Mixture> 0 <Weight> 0.333333
<Mean>
1428.333252 -201.845123 20.367493 -60.861946 -30.062979 22.439396 -68.008644 3.052948 17.941851 
<Inverted_Deviation>
0.022038 0.049310 0.031095 0.007444 0.070711 0.034710 0.040757 0.070711 0.027227 
<LogVarVal> 35.809612
<Mixture> 1 <Weight> 0.500000
<Mean>
1235.083374 -67.311028 95.132645 -118.784485 52.815029 12.609889 41.016609 19.707752 -21.708954 
<Inverted_Deviation>
0.014541 0.006936 0.033808 0.033997 0.055394 0.029668 0.012639 0.019463 0.050084 
<LogVarVal> 38.836834
<Mixture> 2 <Weight> 0.166667
<Mean>
1358.416626 -41.688972 116.005157 -11.752332 -41.589195 -3.046324 -58.739521 21.388908 31.165808 
<Inverted_Deviation>
0.070711 0.070711 0.070711 0.070711 0.070711 0.070711 0.070711 0.070711 0.070711 
<LogVarVal> 28.993713
<State> 2
<NumMixes> 3
<Mixture> 0 <Weight> 0.500000
<Mean>
1426.944336 127.657486 23.443188 -42.561886 4.101686 -45.923794 -16.130287 -16.929216 -2.034687 
<Inverted_Deviation>
0.016447 0.043745 0.015858 0.014952 0.022937 0.045694 0.030590 0.034534 0.039598 
<LogVarVal> 37.677933
<Mixture> 1 <Weight> 0.333333
<Mean>
1409.583252 -52.291466 -144.859375 -107.364838 -78.239914 16.962637 -5.546341 8.104166 5.647516 
<Inverted_Deviation>
0.014285 0.021647 0.058209 0.070711 0.055597 0.065776 0.015687 0.014210 0.038259 
<LogVarVal> 36.008785
<Mixture> 2 <Weight> 0.166667
<Mean>
1488.833252 42.408604 -147.758118 52.795815 -4.137033 -11.283810 -58.281990 -26.906721 20.588089 
<Inverted_Deviation>
0.070711 0.070711 0.070711 0.070711 0.070711 0.070711 0.070711 0.070711 0.070711 
<LogVarVal> 28.993713
<State> 3
<NumMixes> 3
<Mixture> 0 <Weight> 0.333333
<Mean>
1203.250000 83.966125 78.526970 -26.735605 -26.755232 -18.495819 -26.169014 -0.218545 -2.091399 
<Inverted_Deviation>
0.029157 0.039056 0.070711 0.022593 0.070711 0.070711 0.028516 0.070711 0.070711 
<LogVarVal> 32.522305
<Mixture> 1 <Weight> 0.500000
<Mean>
1200.472168 92.522446 9.927798 -52.200569 4.529212 20.438692 18.281338 -2.969202 -0.247543 
<Inverted_Deviation>
0.013765 0.023265 0.022577 0.070711 0.060108 0.030024 0.017759 0.042880 0.064317 
<LogVarVal> 35.879200
<Mixture> 2 <Weight> 0.166667
<Mean>
1285.333252 93.274185 -82.064835 10.025908 3.672135 38.002911 -4.195566 -7.300905 -5.895726 
<Inverted_Deviation>
0.070711 0.070711 0.070711 0.070711 0.070711 0.070711 0.070711 0.070711 0.070711 
<LogVarVal> 28.993713
<State> 4
<NumMixes> 3
<Mixture> 0 <Weight> 0.333333
<Mean>
1292.041626 -131.860504 20.993870 -31.586388 32.968067 -24.015474 -4.601869 -19.472078 -3.003285 
<Inverted_Deviation>
0.046250 0.056210 0.041491 0.070711 0.030429 0.070711 0.070711 0.026784 0.070711 
<LogVarVal> 31.994888
<Mixture> 1 <Weight> 0.500000
<Mean>
1200.305542 -100.523216 19.528465 -11.800146 -34.617085 4.993993 19.745384 -3.224805 8.618803 
<Inverted_Deviation>
0.014803 0.030854 0.024530 0.043014 0.052375 0.037398 0.018513 0.044140 0.055881 
<LogVarVal> 35.926388
<Mixture> 2 <Weight> 0.166667
<Mean>
1181.666626 -63.838749 24.482210 17.293264 18.975821 -9.319756 -4.348076 5.689234 1.033494 
<Inverted_Deviation>
0.070711 0.070711 0.070711 0.070711 0.070711 0.070711 0.070711 0.070711 0.070711 
<LogVarVal> 28.993713
<State> 5
<NumMixes> 3
<Mixture> 0 <Weight> 0.500000
<Mean>
1397.722168 162.781372 -248.972534 -70.420166 17.643225 29.461882 -7.569034 20.332169 25.167484 
<Inverted_Deviation>
0.010218 0.033841 0.022059 0.026637 0.011959 0.014014 0.070711 0.027698 0.030532 
<LogVarVal> 38.978931
<Mixture> 1 <Weight> 0.166667
<Mean>
1439.000000 -129.399277 18.295818 -50.384941 127.310532 -110.963814 0.459134 42.668522 -51.883274 
<Inverted_Deviation>
0.070711 0.070711 0.070711 0.070711 0.070711 0.070711 0.070711 0.070711 0.070711 
<LogVarVal> 28.993713
<Mixture> 2 <Weight> 0.333333
<Mean>
1521.500000 -241.426895 58.673031 -40.444958 13.458795 37.121368 -6.910175 13.966184 -23.908943 
<Inverted_Deviation>
0.036898 0.058541 0.042838 0.070711 0.029330 0.025198 0.070711 0.070711 0.029112 
<LogVarVal> 33.133457
<TransP>
-0.405465 -1.098612 -10000000000.000000 -10000000000.000000 -10000000000.000000 -10000000000.000000 
-10000000000.000000 -0.693147 -0.693147 -10000000000.000000 -10000000000.000000 -10000000000.000000 
-10000000000.000000 -10000000000.000000 -0.693147 -0.693147 -10000000000.000000 -10000000000.000000 
-10000000000.000000 -10000000000.000000 -10000000000.000000 -0.693147 -0.693147 -10000000000.000000 
-10000000000.000000 -10000000000.000000 -10000000000.000000 -10000000000.000000 -0.693147 -0.693147 
-10000000000.000000 -10000000000.000000 -10000000000.000000 -10000000000.000000 -10000000000.000000 0.000000 
<EndEmbeddedHMM>
<BeginEmbeddedHMM>
<NumStates> 6
<State> 0
<NumMixes> 3
<Mixture> 0 <Weight> 0.111111
<Mean>
1883.333252 249.381195 83.154778 -86.250801 -55.650284 -38.829662 -150.538605 -188.400818 -116.983421 
<Inverted_Deviation>
0.070711 0.070711 0.070711 0.070711 0.070711 0.070711 0.070711 0.070711 0.070711 
<LogVarVal> 28.993713
<Mixture> 1 <Weight> 0.777778
<Mean>
1570.892944 145.372360 0.472085 -56.452660 -28.908443 -21.032635 12.262247 4.702939 -2.858363 
<Inverted_Deviation>
0.006384 0.070711 0.028917 0.010956 0.008269 0.010190 0.030321 0.022666 0.029559 
<LogVarVal> 41.097286
<Mixture> 2 <Weight> 0.111111
<Mean>
1948.749878 280.098572 129.945908 60.199303 112.093033 35.582573 26.173393 42.234158 54.645241 
<Inverted_Deviation>
0.070711 0.070711 0.070711 0.070711 0.070711 0.070711 0.070711 0.070711 0.070711 
<LogVarVal> 28.993713
<State> 1
<NumMixes> 3
<Mixture> 0 <Weight> 0.333333
<Mean>
1349.500000 15.787647 -67.063370 -7.963284 -59.026070 -4.203749 -40.548977 -3.147049 31.940723 
<Inverted_Deviation>
0.019688 0.013441 0.070711 0.013289 0.070711 0.017398 0.005488 0.017182 0.070711 
<LogVarVal> 38.977131
<Mixture> 1 <Weight> 0.500000
<Mean>
1389.972168 -47.236603 51.233833 24.079182 -21.319941 27.261070 39.010628 -8.869352 -18.360878 
<Inverted_Deviation>
0.053112 0.018456 0.011621 0.009546 0.014468 0.028580 0.070711 0.026375 0.055215 
<LogVarVal> 38.157433
<Mixture> 2 <Weight> 0.166667
<Mean>
1408.583252 32.230297 48.043358 -11.186092 -78.164116 22.807949 -87.947212 100.270401 14.422223 
<Inverted_Deviation>
0.070711 0.070711 0.070711 0.070711 0.070711 0.070711 0.070711 0.070711 0.070711 
<LogVarVal> 28.993713
<State> 2
<NumMixes> 3
<Mixture> 0 <Weight> 0.333333
<Mean>
1210.583252 19.347277 82.473610 57.693428 2.436487 -17.396568 -15.719284 -2.660542 -1.040064 
<Inverted_Deviation>
0.008730 0.070711 0.070711 0.040296 0.066724 0.070711 0.005328 0.032589 0.016694 
<LogVarVal> 36.509689
<Mixture> 1 <Weight> 0.500000
<Mean>
1364.111084 88.062309 -13.104847 89.805077 -10.560866 -35.707241 23.191147 21.813869 -13.667305 
<Inverted_Deviation>
0.034406 0.034079 0.010833 0.010026 0.013575 0.017642 0.014054 0.029451 0.018770 
<LogVarVal> 41.129978
<Mixture> 2 <Weight> 0.166667
<Mean>
1213.166626 143.578735 17.903709 93.146416 3.928908 14.022511 -164.822891 -42.725910 19.284452 
<Inverted_Deviation>
0.070711 0.070711 0.070711 0.070711 0.070711 0.070711 0.070711 0.070711 0.070711 
<LogVarVal> 28.993713
<State> 3
<NumMixes> 3
<Mixture> 0 <Weight> 0.333333
<Mean>
1209.041626 3.238741 17.911058 -20.907663 47.427631 20.350798 -16.124277 -6.466684 18.825317 
<Inverted_Deviation>
0.051900 0.015962 0.042000 0.045891 0.070711 0.027446 0.008927 0.017569 0.070711 
<LogVarVal> 36.152981
<Mixture> 1 <Weight> 0.500000
<Mean>
1214.250000 43.785046 -24.592199 31.964895 51.806393 -2.698278 14.991398 -13.858435 -10.050818 
<Inverted_Deviation>
0.051588 0.022552 0.010912 0.026604 0.070711 0.024247 0.017696 0.031542 0.024127 
<LogVarVal> 37.636181
<Mixture> 2 <Weight> 0.166667
<Mean>
1130.083252 -61.727139 -24.501762 48.093506 34.340462 -0.870179 -117.064995 6.112718 25.096041 
<Inverted_Deviation>
0.070711 0.070711 0.070711 0.070711 0.070711 0.070711 0.070711 0.070711 0.070711 
<LogVarVal> 28.993713
<State> 4
<NumMixes> 3
<Mixture> 0 <Weight> 0.500000
<Mean>
1402.888916 -197.297104 34.537483 -47.725098 -0.063947 10.229434 1.561200 7.320705 -6.468553 
<Inverted_Deviation>
0.015305 0.070711 0.064628 0.051561 0.030356 0.070711 0.047927 0.061820 0.070711 
<LogVarVal> 32.298759
<Mixture> 1 <Weight> 0.333333
<Mean>
1209.875000 -78.621155 43.315399 -43.317650 -3.000196 -12.564433 25.638002 6.123805 -0.874199 
<Inverted_Deviation>
0.026897 0.070711 0.070711 0.020452 0.070711 0.070711 0.070711 0.070711 0.070711 
<LogVarVal> 31.200781
<Mixture> 2 <Weight> 0.166667
<Mean>
1290.583252 -106.080719 46.827686 -49.959961 36.390427 10.482091 -48.713829 -45.500050 -12.031672 
<Inverted_Deviation>
0.070711 0.070711 0.070711 0.070711 0.070711 0.070711 0.070711 0.070711 0.070711 
<LogVarVal> 28.993713
<State> 5
<NumMixes> 3
<Mixture> 0 <Weight> 0.500000
<Mean>
1534.583374 218.213684 -239.787659 3.397947 -26.213476 -18.238453 -15.975639 -4.805337 7.438514 
<Inverted_Deviation>
0.070711 0.028908 0.039343 0.015583 0.070711 0.040591 0.033946 0.034055 0.047912 
<LogVarVal> 34.395580
<Mixture> 1 <Weight> 0.166667
<Mean>
1619.666626 -205.516449 -47.714417 -36.245483 -37.058296 15.948468 -7.291451 22.033468 -3.132371 
<Inverted_Deviation>
0.070711 0.070711 0.070711 0.070711 0.070711 0.070711 0.070711 0.070711 0.070711 
<LogVarVal> 28.993713
<Mixture> 2 <Weight> 0.333333
<Mean>
1610.916626 -193.101822 -33.430866 -10.864127 -45.201370 22.420448 -8.743802 7.084796 14.280874 
<Inverted_Deviation>
0.030199 0.014256 0.030554 0.037560 0.020781 0.050543 0.032766 0.057225 0.070711 
<LogVarVal> 35.458759
<TransP>
-0.405465 -1.098612 -10000000000.000000 -10000000000.000000 -10000000000.000000 -10000000000.000000 
-10000000000.000000 -0.693147 -0.693147 -10000000000.000000 -10000000000.000000 -10000000000.000000 
-10000000000.000000 -10000000000.000000 -0.693147 -0.693147 -10000000000.000000 -10000000000.000000 
-10000000000.000000 -10000000000.000000 -10000000000.000000 -0.693147 -0.693147 -10000000000.000000 
-10000000000.000000 -10000000000.000000 -10000000000.000000 -10000000000.000000 -0.693147 -0.693147 
-10000000000.000000 -10000000000.000000 -10000000000.000000 -10000000000.000000 -10000000000.000000 0.000000 
<EndEmbeddedHMM>
<BeginEmbeddedHMM>
<NumStates> 3
<State> 0
<NumMixes> 3
<Mixture> 0 <Weight> 0.266667
<Mean>
1362.979004 -93.105728 23.025524 281.106873 125.643723 -43.250896 -37.263084 42.999901 7.119804 
<Inverted_Deviation>
0.006716 0.010525 0.007758 0.007805 0.010323 0.010930 0.012582 0.020982 0.014827 
<LogVarVal> 45.961060
<Mixture> 1 <Weight> 0.333333
<Mean>
1581.416626 68.056229 -7.398317 56.724346 92.145676 36.503609 -49.320198 -36.053631 13.523300 
<Inverted_Deviation>
0.005873 0.012218 0.010432 0.011477 0.010874 0.017819 0.044036 0.018118 0.070711 
<LogVarVal> 42.055500
<Mixture> 2 <Weight> 0.400000
<Mean>
1339.069336 91.750595 -0.749170 11.531507 -34.517689 -5.745419 70.780350 2.382175 -1.772989 
<Inverted_Deviation>
0.007177 0.032794 0.010966 0.006296 0.007143 0.036765 0.008505 0.008260 0.015838 
<LogVarVal> 45.040203
<State> 1
<NumMixes> 3
<Mixture> 0 <Weight> 0.153846
<Mean>
1233.583252 149.221893 25.246346 -122.428391 3.477144 17.579138 19.386536 -6.089236 -8.044443 
<Inverted_Deviation>
0.009075 0.070711 0.070711 0.070711 0.059473 0.061257 0.037926 0.070711 0.070711 
<LogVarVal> 31.986328
<Mixture> 1 <Weight> 0.307692
<Mean>
1178.270752 -3.328851 18.524229 62.239353 26.926382 -3.109065 98.479134 17.821846 -2.009816 
<Inverted_Deviation>
0.014486 0.007141 0.014871 0.016791 0.049233 0.043751 0.037585 0.033817 0.046608 
<LogVarVal> 38.497368
<Mixture> 2 <Weight> 0.538462
<Mean>
1264.642944 -74.114532 19.026672 -95.891312 -19.405451 1.158645 5.529792 9.393560 -4.155494 
<Inverted_Deviation>
0.006689 0.014675 0.013849 0.032305 0.040329 0.070711 0.048372 0.050182 0.051736 
<LogVarVal> 36.934620
<State> 2
<NumMixes> 3
<Mixture> 0 <Weight> 0.454545
<Mean>
1441.816650 -35.812599 -34.449947 52.393616 -105.757217 47.281818 -35.466274 49.120388 -1.788238 
<Inverted_Deviation>
0.013345 0.010125 0.010814 0.010154 0.008815 0.017051 0.019799 0.065226 0.044465 
<LogVarVal> 41.745384
<Mixture> 1 <Weight> 0.090909
<Mean>
891.999939 -22.466331 162.194458 118.194244 198.318100 18.680906 23.351439 58.884014 -47.159393 
<Inverted_Deviation>
0.070711 0.070711 0.070711 0.070711 0.070711 0.070711 0.070711 0.070711 0.070711 
<LogVarVal> 28.993713
<Mixture> 2 <Weight> 0.454545
<Mean>
1213.733276 223.090866 -17.755701 215.926498 -30.172735 -110.886612 -0.466110 -65.732872 19.282103 
<Inverted_Deviation>
0.006105 0.012677 0.007954 0.022195 0.005271 0.013077 0.013862 0.027213 0.011386 
<LogVarVal> 45.200272
<TransP>
-0.223144 -1.609438 -10000000000.000000 
-10000000000.000000 -0.262364 -1.466337 
-10000000000.000000 -10000000000.000000 0.000000 
<EndEmbeddedHMM>
