<NumSuperStates> 5
<NumStates> 3 6 6 6 3 
<NumMixtures> 3 3 3 3 3 3 3 3 3 3 3 3 3 3 3 3 3 3 3 3 3 3 3 3 
<VecSize> 9
<BeginExternalHMM>
<NumStates> 5
<TransP>
-0.405465 -1.098612 -10000000000.000000 -10000000000.000000 -10000000000.000000 
-10000000000.000000 -0.405465 -1.098612 -10000000000.000000 -10000000000.000000 
-10000000000.000000 -10000000000.000000 -0.405465 -1.098612 -10000000000.000000 
-10000000000.000000 -10000000000.000000 -10000000000.000000 -0.405465 -1.098612 
-10000000000.000000 -10000000000.000000 -10000000000.000000 -10000000000.000000 0.000000 
<EndExternalHMM>
<BeginEmbeddedHMM>
<NumStates> 3
<State> 0
<NumMixes> 3
<Mixture> 0 <Weight> 0.272727
<Mean>
1033.472168 -52.083813 -21.624691 -89.370712 -16.228216 13.565138 -24.277401 35.539864 8.773040 
<Inverted_Deviation>
0.017542 0.010777 0.024290 0.013565 0.030033 0.030893 0.010159 0.018569 0.017075 
<LogVarVal> 41.371239
<Mixture> 1 <Weight> 0.272727
<Mean>
907.527771 30.552689 60.660767 37.057137 90.128586 40.472794 37.208328 34.976387 28.878202 
<Inverted_Deviation>
0.015394 0.007827 0.015275 0.008919 0.009379 0.010082 0.019570 0.014532 0.023828 
<LogVarVal> 44.244682
<Mixture> 2 <Weight> 0.454545
<Mean>
1054.416626 -37.998806 14.037570 -131.172913 62.542915 -12.679933 3.023122 -32.996868 -5.296121 
<Inverted_Deviation>
0.008392 0.015300 0.018138 0.019103 0.020123 0.018953 0.009477 0.042148 0.036956 
<LogVarVal> 41.074455
<State> 1
<NumMixes> 3
<Mixture> 0 <Weight> 0.250000
<Mean>
1023.000000 -22.011082 -7.524714 -125.882645 3.178109 10.032619 78.084427 15.818751 -5.369456 
<Inverted_Deviation>
0.023570 0.019350 0.019141 0.070711 0.021983 0.022508 0.027361 0.046677 0.052949 
<LogVarVal> 36.662174
<Mixture> 1 <Weight> 0.500000
<Mean>
907.239502 -12.492815 0.017028 -23.579813 6.312496 1.779446 10.951334 -1.624049 1.182065 
<Inverted_Deviation>
0.027489 0.043965 0.054930 0.051662 0.037285 0.054506 0.070711 0.070711 0.063203 
<LogVarVal> 31.992651
<Mixture> 2 <Weight> 0.250000
<Mean>
1196.020752 -0.987206 -18.927845 -210.911194 -37.005142 13.257847 -10.581368 11.381245 4.226067 
<Inverted_Deviation>
0.064923 0.023378 0.022126 0.011826 0.013158 0.029887 0.031868 0.015456 0.021439 
<LogVarVal> 39.189739
<State> 2
<NumMixes> 3
<Mixture> 0 <Weight> 0.083333
<Mean>
1141.833252 -141.882507 45.549938 202.215408 -147.271133 38.563454 121.520493 -74.476654 28.968050 
<Inverted_Deviation>
0.070711 0.070711 0.070711 0.070711 0.070711 0.070711 0.070711 0.070711 0.070711 
<LogVarVal> 28.993713
<Mixture> 1 <Weight> 0.416667
<Mean>
989.866638 -12.990213 8.179811 -6.723608 -37.131451 5.697793 32.645229 -10.534852 0.233772 
<Inverted_Deviation>
0.039849 0.030343 0.070711 0.018718 0.038212 0.070711 0.058263 0.070711 0.070711 
<LogVarVal> 32.551453
<Mixture> 2 <Weight> 0.500000
<Mean>
1081.000000 39.889175 6.970176 -91.224899 -17.355953 -1.749913 5.116220 -11.899806 -0.083200 
<Inverted_Deviation>
0.017582 0.035568 0.039407 0.035740 0.022633 0.032204 0.019617 0.021982 0.042809 
<LogVarVal> 37.217663
<TransP>
-0.318454 -1.299283 -10000000000.000000 
-10000000000.000000 -0.207639 -1.673976 
-10000000000.000000 -10000000000.000000 0.000000 
<EndEmbeddedHMM>
<BeginEmbeddedHMM>
<NumStates> 6
<State> 0
<NumMixes> 3
<Mixture> 0 <Weight> 0.333333
<Mean>
1280.222168 -38.142860 8.589549 -22.823513 -45.932030 -8.392598 2.820300 -12.684551 -8.445227 
<Inverted_Deviation>
0.016303 0.051599 0.070711 0.022949 0.023314 0.070711 0.006356 0.013102 0.046781 
<LogVarVal> 37.519131
<Mixture> 1 <Weight> 0.333333
<Mean>
1101.888916 -120.650314 -4.731528 -86.276978 5.935792 3.495627 71.889755 -34.081329 -5.532622 
<Inverted_Deviation>
0.006024 0.032165 0.024082 0.070711 0.020178 0.020332 0.021412 0.035093 0.018891 
<LogVarVal> 39.036842
<Mixture> 2 <Weight> 0.333333
<Mean>
1123.861084 -103.874283 -49.705715 -94.369812 -26.011633 31.260780 -27.824638 25.440414 8.175890 
<Inverted_Deviation>
0.012638 0.019281 0.016563 0.070711 0.023117 0.013871 0.020196 0.015384 0.027153 
<LogVarVal> 39.948692
<State> 1
<NumMixes> 3
<Mixture> 0 <Weight> 0.333333
<Mean>
1383.458252 -44.267815 -19.378117 10.350656 2.492235 33.259834 -6.939877 -24.867344 -0.007371 
<Inverted_Deviation>
0.037966 0.021477 0.060487 0.070711 0.019097 0.070711 0.011057 0.007145 0.029241 
<LogVarVal> 37.303211
<Mixture> 1 <Weight> 0.500000
<Mean>
1316.916626 -31.324757 12.676952 -75.225487 5.819594 15.193836 -20.806297 54.837730 12.677010 
<Inverted_Deviation>
0.028583 0.026289 0.022163 0.023450 0.022126 0.040336 0.007425 0.009548 0.013138 
<LogVarVal> 40.815121
<Mixture> 2 <Weight> 0.166667
<Mean>
1381.166626 -50.655651 4.057210 34.262444 25.164284 -43.550076 100.185989 36.943764 -46.017460 
<Inverted_Deviation>
0.070711 0.070711 0.070711 0.070711 0.070711 0.070711 0.070711 0.070711 0.070711 
<LogVarVal> 28.993713
<State> 2
<NumMixes> 3
<Mixture> 0 <Weight> 0.333333
<Mean>
1534.291504 -52.045578 -78.971428 -38.248478 52.611423 3.847093 23.139605 -11.500746 18.285948 
<Inverted_Deviation>
0.047272 0.019920 0.070711 0.022101 0.048335 0.029460 0.031374 0.038549 0.070711 
<LogVarVal> 34.501526
<Mixture> 1 <Weight> 0.333333
<Mean>
1387.833252 -12.642818 -28.434057 -124.684654 34.229046 -5.787415 -116.062378 10.980473 19.477135 
<Inverted_Deviation>
0.070711 0.014887 0.070711 0.070711 0.051152 0.011198 0.050059 0.028514 0.029373 
<LogVarVal> 34.850578
<Mixture> 2 <Weight> 0.333333
<Mean>
1488.625000 -99.951378 48.016159 -15.023390 9.959217 -33.028652 3.955928 -0.454140 -12.578524 
<Inverted_Deviation>
0.070711 0.070711 0.022951 0.070711 0.070711 0.036763 0.070711 0.021369 0.021149 
<LogVarVal> 33.176689
<State> 3
<NumMixes> 3
<Mixture> 0 <Weight> 0.500000
<Mean>
1430.333374 106.052170 17.944946 -35.959187 -36.943207 -0.546136 16.567291 31.666672 -17.355892 
<Inverted_Deviation>
0.012647 0.043388 0.025419 0.027100 0.021264 0.070711 0.008767 0.011105 0.040665 
<LogVarVal> 38.878983
<Mixture> 1 <Weight> 0.333333
<Mean>
1352.166626 22.839193 0.508181 -106.680298 -42.852829 -25.652634 -24.331594 -84.187912 7.691772 
<Inverted_Deviation>
0.037216 0.063899 0.041865 0.043840 0.024769 0.019072 0.017439 0.046563 0.024262 
<LogVarVal> 35.985771
<Mixture> 2 <Weight> 0.166667
<Mean>
1559.250000 98.462158 -46.608749 -93.807388 12.720678 65.288612 50.596786 -67.840851 -0.941987 
<Inverted_Deviation>
0.070711 0.070711 0.070711 0.070711 0.070711 0.070711 0.070711 0.070711 0.070711 
<LogVarVal> 28.993713
<State> 4
<NumMixes> 3
<Mixture> 0 <Weight> 0.333333
<Mean>
1534.458252 -180.844025 4.389128 -45.460499 40.542580 4.472296 -54.443260 38.132896 0.362340 
<Inverted_Deviation>
0.008515 0.045671 0.070711 0.010428 0.017271 0.070711 0.004825 0.025984 0.070711 
<LogVarVal> 38.557194
<Mixture> 1 <Weight> 0.500000
<Mean>
1339.166748 -26.579449 38.532948 -136.881104 89.376404 -6.585675 18.583248 11.724296 3.593626 
<Inverted_Deviation>
0.070711 0.022508 0.031774 0.008750 0.027060 0.036034 0.005942 0.022884 0.026292 
<LogVarVal> 39.256687
<Mixture> 2 <Weight> 0.166667
<Mean>
1474.583252 -82.358139 81.963562 -13.397496 -37.338268 -35.621468 130.151855 18.813736 -36.714043 
<Inverted_Deviation>
0.070711 0.070711 0.070711 0.070711 0.070711 0.070711 0.070711 0.070711 0.070711 
<LogVarVal> 28.993713
<State> 5
<NumMixes> 3
<Mixture> 0 <Weight> 0.333333
<Mean>
1534.750000 245.735870 -119.702293 -174.442200 15.916225 126.227989 -22.540436 -70.942879 -8.759453 
<Inverted_Deviation>
0.006225 0.070711 0.014552 0.029034 0.007932 0.070711 0.028313 0.014322 0.009897 
<LogVarVal> 40.560715
<Mixture> 1 <Weight> 0.500000
<Mean>
1357.555542 63.424896 -64.708359 -233.313568 -27.314070 22.261877 11.901637 -8.777965 25.575710 
<Inverted_Deviation>
0.005398 0.009277 0.011806 0.022258 0.006798 0.014091 0.007475 0.010060 0.014055 
<LogVarVal> 46.311020
<Mixture> 2 <Weight> 0.166667
<Mean>
1768.916626 -89.103889 -77.316490 -76.630669 124.746208 -105.648766 -3.468912 81.908218 -16.074730 
<Inverted_Deviation>
0.070711 0.070711 0.070711 0.070711 0.070711 0.070711 0.070711 0.070711 0.070711 
<LogVarVal> 28.993713
<TransP>
-0.405465 -1.098612 -10000000000.000000 -10000000000.000000 -10000000000.000000 -10000000000.000000 
-10000000000.000000 -0.693147 -0.693147 -10000000000.000000 -10000000000.000000 -10000000000.000000 
-10000000000.000000 -10000000000.000000 -0.693147 -0.693147 -10000000000.000000 -10000000000.000000 
-10000000000.000000 -10000000000.000000 -10000000000.000000 -0.693147 -0.693147 -10000000000.000000 
-10000000000.000000 -10000000000.000000 -10000000000.000000 -10000000000.000000 -0.693147 -0.693147 
-10000000000.000000 -10000000000.000000 -10000000000.000000 -10000000000.000000 -10000000000.000000 0.000000 
<EndEmbeddedHMM>
<BeginEmbeddedHMM>
<NumStates> 6
<State> 0
<NumMixes> 3
<Mixture> 0 <Weight> 0.444444
<Mean>
1527.583252 -30.067635 -18.084694 -22.814301 14.270731 2.970005 -36.510490 10.164010 7.076241 
<Inverted_Deviation>
0.028490 0.027692 0.048927 0.013430 0.034165 0.031310 0.031818 0.057155 0.061887 
<LogVarVal> 35.556305
<Mixture> 1 <Weight> 0.444444
<Mean>
1346.187500 -81.691345 -50.443024 -116.395699 25.492340 -5.482229 0.497155 8.002266 4.261806 
<Inverted_Deviation>
0.014571 0.007966 0.012388 0.014690 0.019473 0.021788 0.062682 0.023304 0.070711 
<LogVarVal> 39.767250
<Mixture> 2 <Weight> 0.111111
<Mean>
1451.500000 -62.876701 21.594866 -94.078102 -178.330917 -120.299324 41.506298 54.974751 34.941715 
<Inverted_Deviation>
0.070711 0.070711 0.070711 0.070711 0.070711 0.070711 0.070711 0.070711 0.070711 
<LogVarVal> 28.993713
<State> 1
<NumMixes> 3
<Mixture> 0 <Weight> 0.333333
<Mean>
1435.833252 73.020416 31.483597 25.848530 -28.298222 -37.695011 -30.391287 -2.491911 -13.295031 
<Inverted_Deviation>
0.039637 0.029167 0.039658 0.017056 0.070711 0.037351 0.070711 0.024980 0.041060 
<LogVarVal> 34.680767
<Mixture> 1 <Weight> 0.500000
<Mean>
1433.666748 -2.132387 -9.596649 -84.143311 -74.144684 13.660398 -16.783136 4.681865 7.672168 
<Inverted_Deviation>
0.015220 0.023904 0.030132 0.019184 0.070711 0.023151 0.032787 0.043806 0.064601 
<LogVarVal> 36.226120
<Mixture> 2 <Weight> 0.166667
<Mean>
1509.249878 100.974831 -42.634289 44.701633 -30.804508 11.069139 -20.331301 -14.541941 2.960523 
<Inverted_Deviation>
0.070711 0.070711 0.070711 0.070711 0.070711 0.070711 0.070711 0.070711 0.070711 
<LogVarVal> 28.993713
<State> 2
<NumMixes> 3
<Mixture> 0 <Weight> 0.333333
<Mean>
1641.583252 -236.083740 -14.614798 46.604748 -8.908739 -0.175565 -66.460701 31.259285 -6.121099 
<Inverted_Deviation>
0.015018 0.070711 0.070711 0.007309 0.014912 0.070711 0.011189 0.070711 0.041554 
<LogVarVal> 36.744308
<Mixture> 1 <Weight> 0.500000
<Mean>
1547.694336 -127.707825 51.368378 -19.938412 35.161934 -23.553818 -5.224999 -7.013036 -9.798361 
<Inverted_Deviation>
0.013206 0.022491 0.010441 0.024018 0.014609 0.029194 0.070711 0.052180 0.070711 
<LogVarVal> 37.575275
<Mixture> 2 <Weight> 0.166667
<Mean>
1428.000000 -96.006630 96.810608 99.429626 -16.857077 15.977922 -68.372475 51.272255 12.837498 
<Inverted_Deviation>
0.070711 0.070711 0.070711 0.070711 0.070711 0.070711 0.070711 0.070711 0.070711 
<LogVarVal> 28.993713
<State> 3
<NumMixes> 3
<Mixture> 0 <Weight> 0.333333
<Mean>
1740.208252 116.450317 58.719074 23.555782 28.246017 -8.289369 -67.367294 -25.031509 -15.929993 
<Inverted_Deviation>
0.052199 0.024600 0.063259 0.007373 0.020009 0.025322 0.070711 0.018434 0.014426 
<LogVarVal> 37.948410
<Mixture> 1 <Weight> 0.500000
<Mean>
1679.472168 73.537766 -78.094429 -136.878769 36.352505 28.862450 -29.616039 19.179020 2.820833 
<Inverted_Deviation>
0.009335 0.012499 0.008454 0.009964 0.015692 0.039101 0.070711 0.026151 0.070711 
<LogVarVal> 39.927483
<Mixture> 2 <Weight> 0.166667
<Mean>
1703.499878 -30.267666 -132.301590 141.526077 14.837886 -50.648338 -92.729904 -63.062897 57.055706 
<Inverted_Deviation>
0.070711 0.070711 0.070711 0.070711 0.070711 0.070711 0.070711 0.070711 0.070711 
<LogVarVal> 28.993713
<State> 4
<NumMixes> 3
<Mixture> 0 <Weight> 0.333333
<Mean>
1768.458252 -122.639435 31.055775 -27.987831 13.840947 -8.215883 -18.575317 -23.110500 -6.776202 
<Inverted_Deviation>
0.057448 0.070711 0.070711 0.022679 0.021697 0.069355 0.042625 0.030022 0.068523 
<LogVarVal> 32.933556
<Mixture> 1 <Weight> 0.500000
<Mean>
1612.888916 -76.703819 49.356544 -118.147781 -41.719299 20.113022 -29.615398 -20.207092 8.169906 
<Inverted_Deviation>
0.012107 0.011056 0.024810 0.012677 0.017933 0.028973 0.045367 0.035182 0.050184 
<LogVarVal> 39.129276
<Mixture> 2 <Weight> 0.166667
<Mean>
1683.166626 -33.334629 31.808567 46.972206 33.912952 -11.441669 -16.749569 23.531347 6.836912 
<Inverted_Deviation>
0.070711 0.070711 0.070711 0.070711 0.070711 0.070711 0.070711 0.070711 0.070711 
<LogVarVal> 28.993713
<State> 5
<NumMixes> 3
<Mixture> 0 <Weight> 0.500000
<Mean>
1891.499878 122.394760 -257.338013 -73.633812 39.922523 -32.249474 -16.198198 15.806917 9.443965 
<Inverted_Deviation>
0.009651 0.018977 0.020697 0.020025 0.041381 0.011926 0.050267 0.033112 0.013804 
<LogVarVal> 39.839993
<Mixture> 1 <Weight> 0.166667
<Mean>
1938.999878 -190.644043 30.385302 -41.654819 -1.833429 9.970403 -6.063780 38.060509 -36.617355 
<Inverted_Deviation>
0.070711 0.070711 0.070711 0.070711 0.070711 0.070711 0.070711 0.070711 0.070711 
<LogVarVal> 28.993713
<Mixture> 2 <Weight> 0.333333
<Mean>
1910.750000 -204.869629 17.259928 -44.773026 -0.404546 -5.368870 -11.702936 -18.294876 -4.181409 
<Inverted_Deviation>
0.013176 0.070711 0.070711 0.016025 0.040097 0.014646 0.070711 0.070711 0.035169 
<LogVarVal> 34.998470
<TransP>
-0.405465 -1.098612 -10000000000.000000 -10000000000.000000 -10000000000.000000 -10000000000.000000 
-10000000000.000000 -0.693147 -0.693147 -10000000000.000000 -10000000000.000000 -10000000000.000000 
-10000000000.000000 -10000000000.000000 -0.693147 -0.693147 -10000000000.000000 -10000000000.000000 
-10000000000.000000 -10000000000.000000 -10000000000.000000 -0.693147 -0.693147 -10000000000.000000 
-10000000000.000000 -10000000000.000000 -10000000000.000000 -10000000000.000000 -0.693147 -0.693147 
-10000000000.000000 -10000000000.000000 -10000000000.000000 -10000000000.000000 -10000000000.000000 0.000000 
<EndEmbeddedHMM>
<BeginEmbeddedHMM>
<NumStates> 6
<State> 0
<NumMixes> 3
<Mixture> 0 <Weight> 0.222222
<Mean>
1606.458252 171.292236 129.474716 -148.091675 -195.066254 -95.785614 31.051168 4.234560 -17.398687 
<Inverted_Deviation>
0.070711 0.070711 0.070711 0.017775 0.013146 0.032355 0.070711 0.070711 0.028038 
<LogVarVal> 33.763817
<Mixture> 1 <Weight> 0.555556
<Mean>
1502.666504 -5.600989 8.374784 13.309796 -31.786610 -21.004181 10.298224 9.639630 1.227511 
<Inverted_Deviation>
0.032608 0.024481 0.020806 0.032000 0.022256 0.059258 0.070711 0.069569 0.047977 
<LogVarVal> 34.581467
<Mixture> 2 <Weight> 0.222222
<Mean>
1906.583252 447.849030 144.138474 -159.461807 -92.946693 81.210205 -14.399089 -47.246094 -42.402130 
<Inverted_Deviation>
0.007340 0.012577 0.016116 0.034026 0.011088 0.012085 0.066026 0.070711 0.050144 
<LogVarVal> 39.227535
<State> 1
<NumMixes> 3
<Mixture> 0 <Weight> 0.333333
<Mean>
1367.458252 83.504074 36.894886 34.776146 -3.955699 6.097350 -38.653336 14.756125 10.280180 
<Inverted_Deviation>
0.032199 0.070711 0.070711 0.010194 0.023626 0.038864 0.070711 0.057640 0.047667 
<LogVarVal> 34.010712
<Mixture> 1 <Weight> 0.500000
<Mean>
1448.055542 80.183243 -10.875174 12.088551 28.466612 4.374101 28.853878 -18.406689 0.712786 
<Inverted_Deviation>
0.022799 0.049510 0.013973 0.070711 0.038706 0.070711 0.020772 0.027966 0.070711 
<LogVarVal> 34.858643
<Mixture> 2 <Weight> 0.166667
<Mean>
1409.333252 72.279457 -47.421352 65.387962 -47.779285 5.896068 -19.853628 42.547691 2.577351 
<Inverted_Deviation>
0.070711 0.070711 0.070711 0.070711 0.070711 0.070711 0.070711 0.070711 0.070711 
<LogVarVal> 28.993713
<State> 2
<NumMixes> 3
<Mixture> 0 <Weight> 0.333333
<Mean>
1427.333252 -142.036560 44.098915 56.206429 -10.487426 -15.884092 -40.695587 -2.191522 -6.909373 
<Inverted_Deviation>
0.025402 0.070711 0.070711 0.007504 0.066660 0.054055 0.052022 0.070711 0.070711 
<LogVarVal> 32.895168
<Mixture> 1 <Weight> 0.500000
<Mean>
1435.750000 -96.144623 38.110844 31.133131 -43.829887 3.756813 63.396072 -13.755457 3.656357 
<Inverted_Deviation>
0.008686 0.010530 0.025637 0.013199 0.049115 0.032197 0.009109 0.070711 0.048539 
<LogVarVal> 39.264637
<Mixture> 2 <Weight> 0.166667
<Mean>
1299.000000 -15.517489 28.490955 132.008148 -5.353529 -0.152084 -40.789574 -18.655590 -10.510148 
<Inverted_Deviation>
0.070711 0.070711 0.070711 0.070711 0.070711 0.070711 0.070711 0.070711 0.070711 
<LogVarVal> 28.993713
<State> 3
<NumMixes> 3
<Mixture> 0 <Weight> 0.500000
<Mean>
1639.361084 -51.005188 -43.033352 -14.512762 45.438625 3.896855 -37.727058 -7.316800 5.238692 
<Inverted_Deviation>
0.021650 0.012084 0.070711 0.009308 0.024323 0.049002 0.056706 0.033042 0.070711 
<LogVarVal> 36.387157
<Mixture> 1 <Weight> 0.333333
<Mean>
1668.916504 8.330055 -38.313736 54.215836 59.703922 8.237263 107.779099 35.052212 -4.071259 
<Inverted_Deviation>
0.043274 0.011920 0.011116 0.054051 0.053334 0.010793 0.070711 0.046025 0.027548 
<LogVarVal> 36.917744
<Mixture> 2 <Weight> 0.166667
<Mean>
1537.583252 -149.898285 -49.175762 140.213898 17.914898 -27.821745 -35.672966 13.556720 -1.807211 
<Inverted_Deviation>
0.070711 0.070711 0.070711 0.070711 0.070711 0.070711 0.070711 0.070711 0.070711 
<LogVarVal> 28.993713
<State> 4
<NumMixes> 3
<Mixture> 0 <Weight> 0.500000
<Mean>
1812.583374 -166.628418 45.572002 -28.378510 6.040651 6.924285 4.157621 1.060830 -8.138674 
<Inverted_Deviation>
0.026011 0.070711 0.066691 0.020191 0.048357 0.026591 0.023066 0.043513 0.054504 
<LogVarVal> 34.529774
<Mixture> 1 <Weight> 0.333333
<Mean>
1686.999878 -21.143103 52.743351 -37.890274 -29.657171 -9.463329 28.624649 -2.147289 -5.367414 
<Inverted_Deviation>
0.038734 0.062442 0.070711 0.016951 0.070711 0.065322 0.045585 0.029080 0.070711 
<LogVarVal> 32.555027
<Mixture> 2 <Weight> 0.166667
<Mean>
1720.999878 -53.594429 55.574463 1.776843 79.129982 6.712778 -48.073872 -17.967115 13.853042 
<Inverted_Deviation>
0.070711 0.070711 0.070711 0.070711 0.070711 0.070711 0.070711 0.070711 0.070711 
<LogVarVal> 28.993713
<State> 5
<NumMixes> 3
<Mixture> 0 <Weight> 0.333333
<Mean>
2204.250000 -88.848106 -111.026390 -211.350494 180.730164 -60.796494 35.777748 -41.127701 16.524090 
<Inverted_Deviation>
0.008712 0.012118 0.070711 0.016550 0.015949 0.070711 0.005017 0.004619 0.006585 
<LogVarVal> 43.541050
<Mixture> 1 <Weight> 0.166667
<Mean>
1960.749878 112.951477 -182.750092 36.867092 -61.824753 47.152504 -50.172962 73.915588 -62.554905 
<Inverted_Deviation>
0.070711 0.070711 0.070711 0.070711 0.070711 0.070711 0.070711 0.070711 0.070711 
<LogVarVal> 28.993713
<Mixture> 2 <Weight> 0.500000
<Mean>
2020.305420 -217.135010 -2.503128 -50.438427 22.978954 -23.462170 10.722667 -3.851672 12.536858 
<Inverted_Deviation>
0.014260 0.032103 0.028639 0.017545 0.070711 0.021205 0.040316 0.070711 0.070711 
<LogVarVal> 35.448387
<TransP>
-0.405465 -1.098612 -10000000000.000000 -10000000000.000000 -10000000000.000000 -10000000000.000000 
-10000000000.000000 -0.693147 -0.693147 -10000000000.000000 -10000000000.000000 -10000000000.000000 
-10000000000.000000 -10000000000.000000 -0.693147 -0.693147 -10000000000.000000 -10000000000.000000 
-10000000000.000000 -10000000000.000000 -10000000000.000000 -0.693147 -0.693147 -10000000000.000000 
-10000000000.000000 -10000000000.000000 -10000000000.000000 -10000000000.000000 -0.693147 -0.693147 
-10000000000.000000 -10000000000.000000 -10000000000.000000 -10000000000.000000 -10000000000.000000 0.000000 
<EndEmbeddedHMM>
<BeginEmbeddedHMM>
<NumStates> 3
<State> 0
<NumMixes> 3
<Mixture> 0 <Weight> 0.600000
<Mean>
1362.916626 2.654927 -7.066438 21.465631 55.994892 4.166884 -5.016802 -9.447462 1.380246 
<Inverted_Deviation>
0.012718 0.010424 0.022033 0.008965 0.015292 0.038435 0.013780 0.017740 0.045322 
<LogVarVal> 41.459019
<Mixture> 1 <Weight> 0.266667
<Mean>
1795.000000 435.502869 81.535187 154.801941 8.804963 -47.828712 -54.292061 -29.445026 12.822048 
<Inverted_Deviation>
0.003506 0.006864 0.010252 0.003757 0.014963 0.010361 0.007229 0.017350 0.010866 
<LogVarVal> 48.228249
<Mixture> 2 <Weight> 0.133333
<Mean>
1399.666626 137.407166 189.401443 270.516113 150.877853 35.248833 -4.314289 10.981064 -20.644199 
<Inverted_Deviation>
0.005800 0.011556 0.034901 0.070711 0.042365 0.030513 0.005861 0.008053 0.070711 
<LogVarVal> 40.027409
<State> 1
<NumMixes> 3
<Mixture> 0 <Weight> 0.230769
<Mean>
1393.416748 -63.380051 16.861065 -171.967346 23.719208 13.857954 -18.109417 -2.172122 -6.411003 
<Inverted_Deviation>
0.011651 0.026701 0.045235 0.015000 0.033466 0.070711 0.015904 0.042907 0.070711 
<LogVarVal> 36.507729
<Mixture> 1 <Weight> 0.307692
<Mean>
1431.874878 -101.629662 4.069637 22.491169 11.980375 1.533209 128.335068 2.369353 -5.696661 
<Inverted_Deviation>
0.004587 0.010263 0.015741 0.055214 0.032001 0.027682 0.070711 0.028900 0.038995 
<LogVarVal> 38.629406
<Mixture> 2 <Weight> 0.461538
<Mean>
1694.347168 -108.504501 -10.221666 -134.042023 -38.745468 8.419333 -49.002068 -1.372061 -0.711689 
<Inverted_Deviation>
0.006701 0.015137 0.014889 0.014436 0.023315 0.047307 0.037248 0.022640 0.026028 
<LogVarVal> 40.329090
<State> 2
<NumMixes> 3
<Mixture> 0 <Weight> 0.545455
<Mean>
1953.388916 -104.928406 17.537600 60.237164 -75.824585 4.897274 -57.464199 63.452374 8.322721 
<Inverted_Deviation>
0.003835 0.006406 0.012923 0.009671 0.009884 0.010633 0.008532 0.015680 0.010029 
<LogVarVal> 47.434834
<Mixture> 1 <Weight> 0.181818
<Mean>
1772.041504 -235.647644 275.047455 410.120575 -56.761230 -76.006134 29.876841 -1.616470 -92.816414 
<Inverted_Deviation>
0.003207 0.025098 0.013691 0.014712 0.070711 0.005158 0.009111 0.035749 0.070711 
<LogVarVal> 41.683640
<Mixture> 2 <Weight> 0.272727
<Mean>
1673.083374 179.630432 -30.438694 231.609589 -169.793457 -6.751137 11.929806 -80.076324 50.091747 
<Inverted_Deviation>
0.005389 0.008328 0.011425 0.010687 0.006664 0.009678 0.020936 0.028174 0.019598 
<LogVarVal> 45.190350
<TransP>
-0.223144 -1.609438 -10000000000.000000 
-10000000000.000000 -0.262364 -1.466337 
-10000000000.000000 -10000000000.000000 0.000000 
<EndEmbeddedHMM>
