<NumSuperStates> 5
<NumStates> 3 6 6 6 3 
<NumMixtures> 3 3 3 3 3 3 3 3 3 3 3 3 3 3 3 3 3 3 3 3 3 3 3 3 
<VecSize> 9
<BeginExternalHMM>
<NumStates> 5
<TransP>
-0.405465 -1.098612 -10000000000.000000 -10000000000.000000 -10000000000.000000 
-10000000000.000000 -0.405465 -1.098612 -10000000000.000000 -10000000000.000000 
-10000000000.000000 -10000000000.000000 -0.405465 -1.098612 -10000000000.000000 
-10000000000.000000 -10000000000.000000 -10000000000.000000 -0.405465 -1.098612 
-10000000000.000000 -10000000000.000000 -10000000000.000000 -10000000000.000000 0.000000 
<EndExternalHMM>
<BeginEmbeddedHMM>
<NumStates> 3
<State> 0
<NumMixes> 3
<Mixture> 0 <Weight> 0.266667
<Mean>
890.479126 -46.870892 -6.379819 56.069042 -47.849213 15.398050 258.417267 -52.720581 -17.377014 
<Inverted_Deviation>
0.010702 0.070711 0.023111 0.011229 0.013092 0.028840 0.007341 0.009476 0.018205 
<LogVarVal> 42.055595
<Mixture> 1 <Weight> 0.333333
<Mean>
1116.733276 -109.356689 19.216709 349.778412 -45.173035 -24.088861 -40.976318 66.557533 -5.558045 
<Inverted_Deviation>
0.006010 0.018430 0.029492 0.013876 0.007150 0.030673 0.004432 0.016979 0.037647 
<LogVarVal> 43.259720
<Mixture> 2 <Weight> 0.400000
<Mean>
776.833374 -22.385176 -4.767208 -12.512194 -35.738430 9.503079 -128.507324 -13.559177 15.087194 
<Inverted_Deviation>
0.020170 0.013801 0.022304 0.009677 0.017435 0.023778 0.008469 0.006970 0.015958 
<LogVarVal> 43.442379
<State> 1
<NumMixes> 3
<Mixture> 0 <Weight> 0.333333
<Mean>
1339.937500 -20.605122 -29.975170 281.623566 38.911781 -13.264973 127.249298 -22.396591 24.064793 
<Inverted_Deviation>
0.009874 0.005723 0.019067 0.010931 0.016670 0.014161 0.012806 0.009014 0.048698 
<LogVarVal> 43.848728
<Mixture> 1 <Weight> 0.333333
<Mean>
1573.270752 -30.700695 -25.870560 260.201447 -46.429150 29.122448 -140.794571 -41.892471 8.988220 
<Inverted_Deviation>
0.012682 0.009536 0.044639 0.008853 0.006242 0.033441 0.013545 0.046348 0.025181 
<LogVarVal> 41.537170
<Mixture> 2 <Weight> 0.333333
<Mean>
1184.479126 -46.159241 -31.914696 -49.049583 23.888201 -6.451810 94.006142 24.345814 -27.095840 
<Inverted_Deviation>
0.005316 0.003362 0.007275 0.010886 0.008405 0.010819 0.014239 0.009041 0.048951 
<LogVarVal> 46.807079
<State> 2
<NumMixes> 3
<Mixture> 0 <Weight> 0.416667
<Mean>
1291.683228 5.776393 -16.038694 12.919049 96.363060 5.661355 211.098434 61.088867 -11.792199 
<Inverted_Deviation>
0.010226 0.008361 0.011700 0.004922 0.006867 0.011325 0.009383 0.010255 0.019778 
<LogVarVal> 46.914341
<Mixture> 1 <Weight> 0.250000
<Mean>
1505.944336 16.884754 8.898762 536.967773 45.849915 -58.990356 123.723900 -76.971764 -22.368713 
<Inverted_Deviation>
0.036674 0.033901 0.065696 0.011052 0.005189 0.067231 0.009350 0.011440 0.014503 
<LogVarVal> 40.406418
<Mixture> 2 <Weight> 0.333333
<Mean>
1117.854126 -53.520267 31.291767 35.024311 -27.280645 -26.776539 -212.874649 21.124401 23.678885 
<Inverted_Deviation>
0.005722 0.005455 0.008511 0.018679 0.012331 0.008861 0.015833 0.007417 0.029874 
<LogVarVal> 45.954872
<TransP>
-0.223144 -1.609438 -10000000000.000000 
-10000000000.000000 -0.287682 -1.386294 
-10000000000.000000 -10000000000.000000 0.000000 
<EndEmbeddedHMM>
<BeginEmbeddedHMM>
<NumStates> 6
<State> 0
<NumMixes> 3
<Mixture> 0 <Weight> 0.333333
<Mean>
842.861084 48.476387 -8.933112 -107.762466 12.419724 8.335730 44.977306 7.692866 -3.921973 
<Inverted_Deviation>
0.015116 0.048127 0.027199 0.064712 0.019267 0.028911 0.070711 0.028683 0.026634 
<LogVarVal> 36.038681
<Mixture> 1 <Weight> 0.333333
<Mean>
838.083374 8.705744 -10.288039 56.889160 -39.788734 -5.774768 72.046890 -35.463856 -8.309063 
<Inverted_Deviation>
0.059628 0.070711 0.021884 0.017718 0.070711 0.070711 0.021785 0.028511 0.070711 
<LogVarVal> 33.806702
<Mixture> 2 <Weight> 0.333333
<Mean>
1001.222168 -0.757210 -11.277895 -156.820236 34.449432 6.288648 10.190508 -36.116512 8.875515 
<Inverted_Deviation>
0.070711 0.020566 0.041020 0.020933 0.031264 0.039322 0.020068 0.018172 0.017962 
<LogVarVal> 37.382000
<State> 1
<NumMixes> 3
<Mixture> 0 <Weight> 0.333333
<Mean>
958.124939 -94.713791 -18.748772 -141.582626 -19.622707 -15.180676 18.650398 38.082150 -3.248105 
<Inverted_Deviation>
0.008761 0.031906 0.031614 0.053276 0.018439 0.068080 0.022069 0.055960 0.020980 
<LogVarVal> 36.961327
<Mixture> 1 <Weight> 0.500000
<Mean>
819.861084 -22.710842 36.771713 0.143890 53.181561 -3.680758 50.941463 15.189692 6.024714 
<Inverted_Deviation>
0.070711 0.020610 0.022907 0.009700 0.018716 0.019151 0.070711 0.017413 0.015619 
<LogVarVal> 38.887108
<Mixture> 2 <Weight> 0.166667
<Mean>
990.333313 -21.366959 25.354815 -183.545929 -15.846364 32.293358 40.585678 65.337059 -23.899090 
<Inverted_Deviation>
0.070711 0.070711 0.070711 0.070711 0.070711 0.070711 0.070711 0.070711 0.070711 
<LogVarVal> 28.993713
<State> 2
<NumMixes> 3
<Mixture> 0 <Weight> 0.333333
<Mean>
1553.041626 -401.920074 -43.858360 -119.010513 -12.872242 6.260919 -14.762630 -15.962378 9.334215 
<Inverted_Deviation>
0.010083 0.070711 0.065076 0.035549 0.030186 0.045539 0.070711 0.067034 0.032030 
<LogVarVal> 33.848671
<Mixture> 1 <Weight> 0.500000
<Mean>
1141.888916 -272.236145 81.052750 -143.596344 61.629807 9.537560 4.917788 38.560944 -17.613405 
<Inverted_Deviation>
0.005790 0.010458 0.009293 0.022959 0.029288 0.043233 0.056928 0.014742 0.029588 
<LogVarVal> 40.591022
<Mixture> 2 <Weight> 0.166667
<Mean>
1276.583252 -272.557343 137.904617 -106.246239 -32.375790 -15.017477 -35.730175 -24.943825 13.868800 
<Inverted_Deviation>
0.070711 0.070711 0.070711 0.070711 0.070711 0.070711 0.070711 0.070711 0.070711 
<LogVarVal> 28.993713
<State> 3
<NumMixes> 3
<Mixture> 0 <Weight> 0.333333
<Mean>
1751.458252 246.981125 -49.486885 -214.805176 126.962830 -52.811142 -25.911938 13.806423 40.021545 
<Inverted_Deviation>
0.006627 0.013506 0.039338 0.018786 0.028589 0.013389 0.011959 0.009001 0.017418 
<LogVarVal> 42.737728
<Mixture> 1 <Weight> 0.333333
<Mean>
1445.500000 122.027458 -123.850029 -203.586395 -45.479305 51.657188 4.886751 -59.595596 37.811642 
<Inverted_Deviation>
0.014481 0.003875 0.008636 0.015725 0.009545 0.015708 0.049036 0.014943 0.011733 
<LogVarVal> 44.313038
<Mixture> 2 <Weight> 0.333333
<Mean>
1803.833252 -90.702324 -183.547318 -122.379227 9.167585 -31.518703 -30.771469 20.541189 -35.214844 
<Inverted_Deviation>
0.009428 0.070711 0.036132 0.016831 0.026211 0.014193 0.048127 0.058371 0.070711 
<LogVarVal> 36.290195
<State> 4
<NumMixes> 3
<Mixture> 0 <Weight> 0.333333
<Mean>
1335.458252 4.429839 154.685791 -314.283203 -96.102676 42.289654 -4.120328 0.603058 -27.269571 
<Inverted_Deviation>
0.003990 0.030056 0.018732 0.029790 0.070711 0.035834 0.023390 0.005870 0.029833 
<LogVarVal> 40.054573
<Mixture> 1 <Weight> 0.500000
<Mean>
1174.388916 139.310760 100.822113 -89.647400 -52.339424 -9.133102 132.128296 -58.943859 -49.147911 
<Inverted_Deviation>
0.008129 0.003247 0.016507 0.003581 0.006689 0.011500 0.010105 0.022961 0.014886 
<LogVarVal> 47.478447
<Mixture> 2 <Weight> 0.166667
<Mean>
1629.583252 217.927765 15.085093 -254.227524 135.572540 87.013420 -82.064255 -37.115128 104.576164 
<Inverted_Deviation>
0.070711 0.070711 0.070711 0.070711 0.070711 0.070711 0.070711 0.070711 0.070711 
<LogVarVal> 28.993713
<State> 5
<NumMixes> 3
<Mixture> 0 <Weight> 0.333333
<Mean>
1600.708252 -143.666122 -16.166550 -168.936737 -19.670862 40.765820 -49.082924 16.375704 18.261723 
<Inverted_Deviation>
0.006335 0.030696 0.021978 0.008528 0.020685 0.017124 0.028588 0.010722 0.070711 
<LogVarVal> 40.963745
<Mixture> 1 <Weight> 0.500000
<Mean>
1295.805542 -163.732819 -33.047653 -82.003189 52.522339 -26.110329 122.264214 32.831799 4.468694 
<Inverted_Deviation>
0.007091 0.009975 0.010152 0.004339 0.013468 0.015925 0.005284 0.047599 0.013434 
<LogVarVal> 45.783340
<Mixture> 2 <Weight> 0.166667
<Mean>
1564.500000 -162.567047 22.678785 -198.382675 -113.413757 -37.304199 21.258917 24.164591 -54.314095 
<Inverted_Deviation>
0.070711 0.070711 0.070711 0.070711 0.070711 0.070711 0.070711 0.070711 0.070711 
<LogVarVal> 28.993713
<TransP>
-0.405465 -1.098612 -10000000000.000000 -10000000000.000000 -10000000000.000000 -10000000000.000000 
-10000000000.000000 -0.693147 -0.693147 -10000000000.000000 -10000000000.000000 -10000000000.000000 
-10000000000.000000 -10000000000.000000 -0.693147 -0.693147 -10000000000.000000 -10000000000.000000 
-10000000000.000000 -10000000000.000000 -10000000000.000000 -0.693147 -0.693147 -10000000000.000000 
-10000000000.000000 -10000000000.000000 -10000000000.000000 -10000000000.000000 -0.693147 -0.693147 
-10000000000.000000 -10000000000.000000 -10000000000.000000 -10000000000.000000 -10000000000.000000 0.000000 
<EndEmbeddedHMM>
<BeginEmbeddedHMM>
<NumStates> 6
<State> 0
<NumMixes> 3
<Mixture> 0 <Weight> 0.555556
<Mean>
1077.183350 -63.601807 -15.612976 92.103203 2.900617 4.290794 -21.850714 -5.411378 -11.410426 
<Inverted_Deviation>
0.011223 0.019918 0.060035 0.035455 0.030623 0.023965 0.024145 0.019127 0.019930 
<LogVarVal> 38.522587
<Mixture> 1 <Weight> 0.333333
<Mean>
1097.250000 -25.137587 -7.819406 -65.265739 43.278885 -9.964236 -79.269989 28.878201 5.203470 
<Inverted_Deviation>
0.029371 0.022991 0.043863 0.016546 0.016636 0.015542 0.025734 0.047600 0.070711 
<LogVarVal> 37.294418
<Mixture> 2 <Weight> 0.111111
<Mean>
844.250000 -190.935837 -64.727577 172.445419 125.755653 95.137161 27.194118 8.383631 30.052187 
<Inverted_Deviation>
0.070711 0.070711 0.070711 0.070711 0.070711 0.070711 0.070711 0.070711 0.070711 
<LogVarVal> 28.993713
<State> 1
<NumMixes> 3
<Mixture> 0 <Weight> 0.333333
<Mean>
1079.833252 32.985279 31.226521 82.124962 -11.397326 33.647541 0.867922 8.709353 -26.318825 
<Inverted_Deviation>
0.013865 0.043984 0.034616 0.070711 0.030553 0.018019 0.070711 0.041945 0.070711 
<LogVarVal> 34.540550
<Mixture> 1 <Weight> 0.333333
<Mean>
1121.041626 -12.389587 9.758258 -65.194382 -76.937759 -5.801191 -86.573807 -32.321129 11.538754 
<Inverted_Deviation>
0.057928 0.045674 0.047473 0.021856 0.070711 0.015456 0.047095 0.044834 0.069832 
<LogVarVal> 33.597889
<Mixture> 2 <Weight> 0.333333
<Mean>
1108.208252 49.947968 -25.222126 72.598389 14.801962 -11.655849 -3.231249 -29.667202 1.408093 
<Inverted_Deviation>
0.017658 0.070711 0.070711 0.070711 0.023332 0.070711 0.033024 0.070711 0.070711 
<LogVarVal> 32.251236
<State> 2
<NumMixes> 3
<Mixture> 0 <Weight> 0.333333
<Mean>
1432.583252 -314.069214 17.660334 288.125549 -122.997971 -58.368065 -68.638824 34.284264 3.362339 
<Inverted_Deviation>
0.004436 0.012108 0.033874 0.006444 0.015757 0.070711 0.012975 0.019056 0.020548 
<LogVarVal> 42.402752
<Mixture> 1 <Weight> 0.500000
<Mean>
1435.472168 -302.303467 68.311905 28.934774 2.533278 17.554649 -40.641342 23.807507 -12.185522 
<Inverted_Deviation>
0.003723 0.008433 0.008520 0.010391 0.015051 0.025771 0.070711 0.016678 0.056581 
<LogVarVal> 42.322140
<Mixture> 2 <Weight> 0.166667
<Mean>
1076.250000 -93.022377 81.636795 209.127945 -188.512344 31.526060 6.714101 9.215157 24.493372 
<Inverted_Deviation>
0.070711 0.070711 0.070711 0.070711 0.070711 0.070711 0.070711 0.070711 0.070711 
<LogVarVal> 28.993713
<State> 3
<NumMixes> 3
<Mixture> 0 <Weight> 0.333333
<Mean>
1735.333252 27.693081 57.331436 220.277283 163.104095 13.482443 -29.484692 -67.922401 7.188672 
<Inverted_Deviation>
0.005564 0.008255 0.070711 0.011553 0.007266 0.028094 0.014442 0.022974 0.070711 
<LogVarVal> 41.406433
<Mixture> 1 <Weight> 0.500000
<Mean>
1905.166748 -1.953049 -108.303314 62.366863 -16.432201 -11.454054 -70.990700 -15.724333 4.412410 
<Inverted_Deviation>
0.009941 0.006761 0.006275 0.007219 0.013296 0.016860 0.013250 0.033696 0.019234 
<LogVarVal> 44.829609
<Mixture> 2 <Weight> 0.166667
<Mean>
1450.916626 -125.660789 -102.923996 441.617950 69.802063 -120.260063 -1.093696 12.220460 19.551600 
<Inverted_Deviation>
0.070711 0.070711 0.070711 0.070711 0.070711 0.070711 0.070711 0.070711 0.070711 
<LogVarVal> 28.993713
<State> 4
<NumMixes> 3
<Mixture> 0 <Weight> 0.571429
<Mean>
1755.833252 -3.108028 -7.432748 52.954578 6.447235 13.695092 2.224425 4.238974 -8.208117 
<Inverted_Deviation>
0.070711 0.059282 0.047819 0.020733 0.023925 0.052701 0.020216 0.029573 0.024673 
<LogVarVal> 35.342411
<Mixture> 1 <Weight> 0.285714
<Mean>
1765.083252 80.740700 16.848745 -46.983849 92.741226 2.809998 -85.082359 30.189152 22.627348 
<Inverted_Deviation>
0.021003 0.036365 0.016455 0.021661 0.070711 0.009147 0.063153 0.020900 0.033829 
<LogVarVal> 37.628056
<Mixture> 2 <Weight> 0.142857
<Mean>
1662.083252 -106.647697 -42.298206 85.782768 135.882843 105.588150 54.009659 -29.978813 -19.400478 
<Inverted_Deviation>
0.070711 0.070711 0.070711 0.070711 0.070711 0.070711 0.070711 0.070711 0.070711 
<LogVarVal> 28.993713
<State> 5
<NumMixes> 3
<Mixture> 0 <Weight> 0.400000
<Mean>
1687.125000 71.845932 -15.745774 77.666771 -39.131466 -5.007420 2.757371 -9.177397 1.848584 
<Inverted_Deviation>
0.018468 0.030466 0.070711 0.070711 0.060284 0.070711 0.033357 0.070711 0.040711 
<LogVarVal> 32.641216
<Mixture> 1 <Weight> 0.400000
<Mean>
1745.083252 -54.230621 -4.161268 -50.368793 -95.854767 11.229301 -58.449242 -35.236023 -6.243910 
<Inverted_Deviation>
0.029566 0.070711 0.024067 0.014940 0.043237 0.019729 0.028302 0.070711 0.070711 
<LogVarVal> 35.182068
<Mixture> 2 <Weight> 0.200000
<Mean>
1723.666626 44.460854 -26.336252 36.900105 -40.713963 -7.286403 37.901649 31.849983 5.475266 
<Inverted_Deviation>
0.070711 0.070711 0.070711 0.070711 0.070711 0.070711 0.070711 0.070711 0.070711 
<LogVarVal> 28.993713
<TransP>
-0.405465 -1.098612 -10000000000.000000 -10000000000.000000 -10000000000.000000 -10000000000.000000 
-10000000000.000000 -0.693147 -0.693147 -10000000000.000000 -10000000000.000000 -10000000000.000000 
-10000000000.000000 -10000000000.000000 -0.693147 -0.693147 -10000000000.000000 -10000000000.000000 
-10000000000.000000 -10000000000.000000 -10000000000.000000 -0.693147 -0.693147 -10000000000.000000 
-10000000000.000000 -10000000000.000000 -10000000000.000000 -10000000000.000000 -0.559616 -0.847298 
-10000000000.000000 -10000000000.000000 -10000000000.000000 -10000000000.000000 -10000000000.000000 0.000000 
<EndEmbeddedHMM>
<BeginEmbeddedHMM>
<NumStates> 6
<State> 0
<NumMixes> 3
<Mixture> 0 <Weight> 0.166667
<Mean>
750.166626 -221.524902 -50.246971 -127.038452 -151.149643 -120.145462 96.405914 129.621643 78.074615 
<Inverted_Deviation>
0.070711 0.070711 0.070711 0.070711 0.070711 0.070711 0.070711 0.070711 0.070711 
<LogVarVal> 28.993713
<Mixture> 1 <Weight> 0.666667
<Mean>
872.083252 -129.059845 -73.870522 37.973606 27.210569 23.696922 16.620483 -1.029087 6.915503 
<Inverted_Deviation>
0.006935 0.006897 0.019322 0.023916 0.031022 0.047503 0.032949 0.037409 0.046669 
<LogVarVal> 39.062103
<Mixture> 2 <Weight> 0.166667
<Mean>
938.749939 20.553436 156.978516 -253.761627 -327.451477 -251.567230 -6.019123 3.728626 25.350422 
<Inverted_Deviation>
0.070711 0.070711 0.070711 0.070711 0.070711 0.070711 0.070711 0.070711 0.070711 
<LogVarVal> 28.993713
<State> 1
<NumMixes> 3
<Mixture> 0 <Weight> 0.222222
<Mean>
871.166626 33.474251 -4.982344 113.294121 12.079035 -48.123268 -49.549938 22.227001 -5.005073 
<Inverted_Deviation>
0.012297 0.062727 0.023166 0.008645 0.020632 0.070711 0.014918 0.037404 0.070711 
<LogVarVal> 37.504829
<Mixture> 1 <Weight> 0.666667
<Mean>
981.847168 13.051905 -12.614849 24.838898 -16.218822 4.794916 8.109633 5.997572 4.928223 
<Inverted_Deviation>
0.024509 0.024802 0.064039 0.040119 0.019234 0.030314 0.019891 0.024003 0.029777 
<LogVarVal> 37.129230
<Mixture> 2 <Weight> 0.111111
<Mean>
868.333313 76.793777 13.204311 132.951553 -103.944122 -13.423920 -0.764156 0.238456 -6.037873 
<Inverted_Deviation>
0.070711 0.070711 0.070711 0.070711 0.070711 0.070711 0.070711 0.070711 0.070711 
<LogVarVal> 28.993713
<State> 2
<NumMixes> 3
<Mixture> 0 <Weight> 0.333333
<Mean>
924.250000 -25.778709 44.370430 -47.401630 44.899704 26.948847 -120.375572 0.285158 4.490515 
<Inverted_Deviation>
0.066299 0.013835 0.070711 0.031421 0.018117 0.070711 0.070711 0.046834 0.042146 
<LogVarVal> 33.791851
<Mixture> 1 <Weight> 0.333333
<Mean>
1018.750000 -53.802910 59.508850 59.600761 -61.094467 8.696447 171.989502 -78.081886 -14.988001 
<Inverted_Deviation>
0.020398 0.010080 0.044048 0.016975 0.046987 0.070711 0.015792 0.024849 0.070711 
<LogVarVal> 37.038620
<Mixture> 2 <Weight> 0.333333
<Mean>
853.125000 -56.102234 19.071222 202.150970 8.706407 17.195034 -42.807739 31.216177 7.560095 
<Inverted_Deviation>
0.023344 0.038983 0.070711 0.070711 0.048524 0.070711 0.070711 0.070711 0.027106 
<LogVarVal> 32.032860
<State> 3
<NumMixes> 3
<Mixture> 0 <Weight> 0.333333
<Mean>
1250.208252 -203.221588 -26.335180 148.415024 -86.522316 27.111347 -75.096649 -19.722075 37.899353 
<Inverted_Deviation>
0.010600 0.013629 0.021558 0.005745 0.039087 0.019624 0.006578 0.019542 0.010518 
<LogVarVal> 43.677193
<Mixture> 1 <Weight> 0.500000
<Mean>
1253.777710 -196.965302 17.107750 24.751129 37.647209 -12.054012 77.057739 69.719742 -50.282665 
<Inverted_Deviation>
0.004474 0.034716 0.040654 0.009810 0.013327 0.014124 0.003872 0.012101 0.030373 
<LogVarVal> 43.788883
<Mixture> 2 <Weight> 0.166667
<Mean>
1035.000000 -163.418304 42.292213 216.968658 -39.206726 10.221684 -27.014313 -68.039185 21.686962 
<Inverted_Deviation>
0.070711 0.070711 0.070711 0.070711 0.070711 0.070711 0.070711 0.070711 0.070711 
<LogVarVal> 28.993713
<State> 4
<NumMixes> 3
<Mixture> 0 <Weight> 0.333333
<Mean>
1511.375000 -41.617409 8.339426 226.934860 65.169060 -52.742393 -31.339043 -1.369596 1.015654 
<Inverted_Deviation>
0.005632 0.021164 0.024359 0.010242 0.037979 0.070711 0.009947 0.014524 0.048547 
<LogVarVal> 40.269455
<Mixture> 1 <Weight> 0.500000
<Mean>
1631.083374 -94.734055 -68.403496 13.934759 -41.456425 -13.256630 -61.494438 12.352453 21.952971 
<Inverted_Deviation>
0.008290 0.009533 0.035058 0.010167 0.013034 0.018465 0.006960 0.008128 0.013490 
<LogVarVal> 44.954113
<Mixture> 2 <Weight> 0.166667
<Mean>
1302.583252 -32.296097 -19.014898 333.046570 -43.876125 -18.291233 70.851753 7.523363 -16.085094 
<Inverted_Deviation>
0.070711 0.070711 0.070711 0.070711 0.070711 0.070711 0.070711 0.070711 0.070711 
<LogVarVal> 28.993713
<State> 5
<NumMixes> 3
<Mixture> 0 <Weight> 0.166667
<Mean>
1561.750000 -73.386826 68.220970 7.495910 152.078476 -61.474747 15.662445 -57.399387 60.038559 
<Inverted_Deviation>
0.070711 0.070711 0.070711 0.070711 0.070711 0.070711 0.070711 0.070711 0.070711 
<LogVarVal> 28.993713
<Mixture> 1 <Weight> 0.666667
<Mean>
1613.354126 69.479294 -6.249396 30.050890 26.774336 -2.423109 -17.457355 -29.676594 -11.195257 
<Inverted_Deviation>
0.015576 0.033787 0.056884 0.018543 0.014762 0.039465 0.027698 0.036541 0.070711 
<LogVarVal> 36.548298
<Mixture> 2 <Weight> 0.166667
<Mean>
1447.750000 -74.101189 -44.398445 196.880814 133.959808 27.459532 0.904700 40.881298 23.542624 
<Inverted_Deviation>
0.070711 0.070711 0.070711 0.070711 0.070711 0.070711 0.070711 0.070711 0.070711 
<LogVarVal> 28.993713
<TransP>
-0.693147 -0.693147 -10000000000.000000 -10000000000.000000 -10000000000.000000 -10000000000.000000 
-10000000000.000000 -0.405465 -1.098612 -10000000000.000000 -10000000000.000000 -10000000000.000000 
-10000000000.000000 -10000000000.000000 -0.693147 -0.693147 -10000000000.000000 -10000000000.000000 
-10000000000.000000 -10000000000.000000 -10000000000.000000 -0.693147 -0.693147 -10000000000.000000 
-10000000000.000000 -10000000000.000000 -10000000000.000000 -10000000000.000000 -0.693147 -0.693147 
-10000000000.000000 -10000000000.000000 -10000000000.000000 -10000000000.000000 -10000000000.000000 0.000000 
<EndEmbeddedHMM>
<BeginEmbeddedHMM>
<NumStates> 3
<State> 0
<NumMixes> 3
<Mixture> 0 <Weight> 0.153846
<Mean>
1483.708252 594.947205 234.177856 -133.630783 -80.885681 163.700531 -10.403684 -34.523632 -28.582180 
<Inverted_Deviation>
0.008955 0.016969 0.007264 0.054215 0.015436 0.017998 0.070711 0.039470 0.070711 
<LogVarVal> 38.501854
<Mixture> 1 <Weight> 0.153846
<Mean>
1125.291504 267.815002 224.954071 -158.603455 -204.156708 -129.221481 2.084426 -17.554543 -83.691742 
<Inverted_Deviation>
0.008871 0.010892 0.008408 0.018883 0.026157 0.027919 0.032527 0.014821 0.010138 
<LogVarVal> 42.594971
<Mixture> 2 <Weight> 0.692308
<Mean>
859.462952 38.065708 -12.690118 -33.373375 4.817461 -10.643182 -3.402528 7.204842 12.840043 
<Inverted_Deviation>
0.011290 0.016472 0.023601 0.016907 0.013120 0.016756 0.036216 0.026595 0.038812 
<LogVarVal> 40.184559
<State> 1
<NumMixes> 3
<Mixture> 0 <Weight> 0.428571
<Mean>
788.166626 -5.950199 20.782028 14.847807 -11.482031 -0.526931 102.015060 -34.804054 -2.692610 
<Inverted_Deviation>
0.017747 0.010888 0.065344 0.024100 0.066103 0.067897 0.020180 0.024506 0.034046 
<LogVarVal> 36.554703
<Mixture> 1 <Weight> 0.357143
<Mean>
994.083313 -120.429337 -0.812091 -10.421653 33.814152 -9.812789 82.340752 10.250041 -10.355126 
<Inverted_Deviation>
0.011507 0.028569 0.033902 0.012733 0.020286 0.024650 0.008756 0.023934 0.032957 
<LogVarVal> 40.403111
<Mixture> 2 <Weight> 0.214286
<Mean>
756.666687 -54.860943 17.593456 -36.151768 -37.262611 -10.939354 -71.203285 7.176731 4.256303 
<Inverted_Deviation>
0.012342 0.017040 0.070711 0.018854 0.028946 0.068118 0.070711 0.044365 0.044131 
<LogVarVal> 35.352325
<State> 2
<NumMixes> 3
<Mixture> 0 <Weight> 0.250000
<Mean>
1325.388916 -108.202469 4.331136 13.538596 -15.466944 3.949177 74.736366 38.493023 -4.801156 
<Inverted_Deviation>
0.008316 0.028056 0.021959 0.015136 0.070711 0.022107 0.009045 0.026424 0.023255 
<LogVarVal> 40.084969
<Mixture> 1 <Weight> 0.250000
<Mean>
1652.166748 -314.308594 215.731323 -90.736298 93.448143 -51.852123 18.844530 8.742433 -16.875034 
<Inverted_Deviation>
0.008193 0.007991 0.013283 0.011046 0.019251 0.015477 0.025130 0.018671 0.070711 
<LogVarVal> 42.044395
<Mixture> 2 <Weight> 0.500000
<Mean>
1218.708374 -83.948959 -5.774133 -87.916862 -5.656669 9.358223 7.267688 -7.531473 2.318278 
<Inverted_Deviation>
0.007190 0.020705 0.041238 0.011421 0.013228 0.021545 0.009264 0.016219 0.025576 
<LogVarVal> 42.256824
<TransP>
-0.262364 -1.466337 -10000000000.000000 
-10000000000.000000 -0.241162 -1.540445 
-10000000000.000000 -10000000000.000000 0.000000 
<EndEmbeddedHMM>
