<NumSuperStates> 5
<NumStates> 3 6 6 6 3 
<NumMixtures> 3 3 3 3 3 3 3 3 3 3 3 3 3 3 3 3 3 3 3 3 3 3 3 3 
<VecSize> 9
<BeginExternalHMM>
<NumStates> 5
<TransP>
-0.405465 -1.098612 -10000000000.000000 -10000000000.000000 -10000000000.000000 
-10000000000.000000 -0.405465 -1.098612 -10000000000.000000 -10000000000.000000 
-10000000000.000000 -10000000000.000000 -0.405465 -1.098612 -10000000000.000000 
-10000000000.000000 -10000000000.000000 -10000000000.000000 -0.405465 -1.098612 
-10000000000.000000 -10000000000.000000 -10000000000.000000 -10000000000.000000 0.000000 
<EndExternalHMM>
<BeginEmbeddedHMM>
<NumStates> 3
<State> 0
<NumMixes> 3
<Mixture> 0 <Weight> 0.357143
<Mean>
391.299988 -71.864861 16.630951 -89.899101 63.887306 -25.721525 25.437988 -1.564324 9.611666 
<Inverted_Deviation>
0.010525 0.013544 0.049860 0.013842 0.010350 0.070711 0.022557 0.024406 0.033676 
<LogVarVal> 39.401299
<Mixture> 1 <Weight> 0.357143
<Mean>
365.666626 57.410183 15.785059 35.635654 60.835499 22.935726 36.839046 12.722467 3.872798 
<Inverted_Deviation>
0.011973 0.012884 0.041438 0.011141 0.017789 0.044866 0.042272 0.056820 0.056240 
<LogVarVal> 37.651707
<Mixture> 2 <Weight> 0.285714
<Mean>
646.187500 -54.894657 -0.360846 -316.752869 -0.496953 15.994269 138.018829 9.869387 -14.887632 
<Inverted_Deviation>
0.012304 0.011817 0.016548 0.022923 0.010937 0.015336 0.026048 0.016628 0.062809 
<LogVarVal> 41.069679
<State> 1
<NumMixes> 3
<Mixture> 0 <Weight> 0.153846
<Mean>
517.791626 31.572184 -35.929169 -193.764969 -1.476276 41.490158 42.991341 -46.665680 -8.317866 
<Inverted_Deviation>
0.051575 0.011481 0.025030 0.070711 0.009455 0.046051 0.034348 0.034066 0.029246 
<LogVarVal> 36.941704
<Mixture> 1 <Weight> 0.538462
<Mean>
381.607117 -6.510752 -9.578812 -105.748825 2.886065 5.471655 27.563711 7.003007 -1.388752 
<Inverted_Deviation>
0.012061 0.028776 0.012084 0.026206 0.021227 0.016243 0.058856 0.020495 0.023142 
<LogVarVal> 39.633877
<Mixture> 2 <Weight> 0.307692
<Mean>
816.062439 1.684997 -23.509966 -344.511414 9.356504 -2.632256 80.251831 -6.992613 15.314315 
<Inverted_Deviation>
0.022491 0.011619 0.010837 0.031416 0.011441 0.013439 0.024473 0.016926 0.017698 
<LogVarVal> 41.989761
<State> 2
<NumMixes> 3
<Mixture> 0 <Weight> 0.083333
<Mean>
728.583313 113.281464 -9.873181 -323.734222 60.569363 23.677614 145.181335 -65.017479 -3.471688 
<Inverted_Deviation>
0.070711 0.070711 0.070711 0.070711 0.070711 0.070711 0.070711 0.070711 0.070711 
<LogVarVal> 28.993713
<Mixture> 1 <Weight> 0.750000
<Mean>
311.111115 41.807560 10.765216 -41.190704 -29.822618 -9.705036 7.410202 10.062957 5.910784 
<Inverted_Deviation>
0.015043 0.019012 0.040439 0.023070 0.020696 0.025340 0.032442 0.022685 0.042023 
<LogVarVal> 38.225071
<Mixture> 2 <Weight> 0.166667
<Mean>
519.541626 125.237694 -3.083631 -253.633759 -119.548874 35.256119 154.552551 43.256477 -31.719336 
<Inverted_Deviation>
0.009507 0.070711 0.070711 0.011210 0.013194 0.021552 0.029574 0.014726 0.066815 
<LogVarVal> 38.206337
<TransP>
-0.241162 -1.540445 -10000000000.000000 
-10000000000.000000 -0.262364 -1.466337 
-10000000000.000000 -10000000000.000000 0.000000 
<EndEmbeddedHMM>
<BeginEmbeddedHMM>
<NumStates> 6
<State> 0
<NumMixes> 3
<Mixture> 0 <Weight> 0.444444
<Mean>
1225.812500 60.857788 -36.061451 -193.364410 -30.660784 -25.867027 56.707268 -25.067528 -6.738327 
<Inverted_Deviation>
0.006871 0.012130 0.017406 0.006413 0.010739 0.029272 0.014453 0.070711 0.029228 
<LogVarVal> 42.127769
<Mixture> 1 <Weight> 0.333333
<Mean>
764.916687 -78.530304 -49.273628 -225.584747 12.066492 37.087677 -154.488739 76.949051 -3.145262 
<Inverted_Deviation>
0.008070 0.005144 0.022023 0.017749 0.011667 0.017211 0.009862 0.014894 0.009944 
<LogVarVal> 45.037731
<Mixture> 2 <Weight> 0.222222
<Mean>
1000.625000 -349.425720 -156.612946 -214.700592 -0.546226 42.624481 45.615242 4.095718 70.729126 
<Inverted_Deviation>
0.005731 0.039870 0.032853 0.010442 0.070711 0.006697 0.070711 0.014458 0.047143 
<LogVarVal> 39.108261
<State> 1
<NumMixes> 3
<Mixture> 0 <Weight> 0.333333
<Mean>
1253.583252 -168.419556 -18.606903 -139.177368 -67.751137 17.801323 42.624222 64.625587 12.081515 
<Inverted_Deviation>
0.009294 0.032337 0.051753 0.009723 0.007244 0.035905 0.070711 0.015243 0.070711 
<LogVarVal> 38.592129
<Mixture> 1 <Weight> 0.500000
<Mean>
957.083374 -85.307304 80.804199 -163.264191 24.484081 -20.304256 -82.425995 -43.644890 -12.557658 
<Inverted_Deviation>
0.006297 0.007408 0.016861 0.009075 0.033574 0.014746 0.005589 0.013454 0.013350 
<LogVarVal> 45.331593
<Mixture> 2 <Weight> 0.166667
<Mean>
1268.083252 -37.244957 101.799820 -287.485382 -17.749111 89.488770 35.653412 -6.192684 -25.746365 
<Inverted_Deviation>
0.070711 0.070711 0.070711 0.070711 0.070711 0.070711 0.070711 0.070711 0.070711 
<LogVarVal> 28.993713
<State> 2
<NumMixes> 3
<Mixture> 0 <Weight> 0.333333
<Mean>
1603.375000 -78.040222 -128.287933 -108.373718 55.306664 -11.024860 -32.112175 -4.458029 23.199516 
<Inverted_Deviation>
0.009423 0.028185 0.070711 0.018044 0.070711 0.019937 0.016363 0.033215 0.025645 
<LogVarVal> 37.794147
<Mixture> 1 <Weight> 0.333333
<Mean>
1196.083252 -71.762016 -75.650581 -326.499817 69.503922 1.660564 -66.866791 11.565692 -26.677479 
<Inverted_Deviation>
0.021372 0.005949 0.025639 0.025128 0.046310 0.012542 0.070711 0.018567 0.070711 
<LogVarVal> 38.204567
<Mixture> 2 <Weight> 0.333333
<Mean>
1489.500000 -199.933228 40.014160 -104.773575 -24.438950 -46.745533 -15.399089 33.311092 11.256062 
<Inverted_Deviation>
0.009798 0.070711 0.029605 0.044452 0.014438 0.046052 0.016836 0.023599 0.070711 
<LogVarVal> 36.854885
<State> 3
<NumMixes> 3
<Mixture> 0 <Weight> 0.500000
<Mean>
1345.222168 250.257477 7.646253 -143.189987 -42.628265 31.354818 53.290161 -88.240585 -17.535788 
<Inverted_Deviation>
0.006854 0.026130 0.012121 0.006030 0.006706 0.019544 0.013062 0.070711 0.060601 
<LogVarVal> 42.033123
<Mixture> 1 <Weight> 0.333333
<Mean>
1059.791626 138.938324 6.911270 -264.675598 -142.969879 3.233273 -163.070648 69.636841 -10.373289 
<Inverted_Deviation>
0.007600 0.057574 0.043591 0.011903 0.029681 0.008473 0.013403 0.030599 0.023797 
<LogVarVal> 40.274864
<Mixture> 2 <Weight> 0.166667
<Mean>
1642.666626 197.922653 -92.052452 -175.703934 130.875137 -2.594471 48.485569 -48.647167 52.799938 
<Inverted_Deviation>
0.070711 0.070711 0.070711 0.070711 0.070711 0.070711 0.070711 0.070711 0.070711 
<LogVarVal> 28.993713
<State> 4
<NumMixes> 3
<Mixture> 0 <Weight> 0.333333
<Mean>
1226.000000 -155.044083 -30.995289 -202.493805 97.956490 -49.186672 79.552658 67.306015 15.276787 
<Inverted_Deviation>
0.005925 0.010738 0.023489 0.005445 0.006632 0.070711 0.027791 0.033207 0.070711 
<LogVarVal> 41.080223
<Mixture> 1 <Weight> 0.500000
<Mean>
933.861084 24.109856 35.264366 -130.211975 80.122971 -41.783386 -117.271233 -24.668381 23.477295 
<Inverted_Deviation>
0.005800 0.023570 0.012439 0.005832 0.014678 0.011572 0.004674 0.008967 0.014379 
<LogVarVal> 46.582615
<Mixture> 2 <Weight> 0.166667
<Mean>
1270.166626 1.193151 151.076706 -326.077118 -33.793545 23.901211 126.675194 26.508905 -38.046574 
<Inverted_Deviation>
0.070711 0.070711 0.070711 0.070711 0.070711 0.070711 0.070711 0.070711 0.070711 
<LogVarVal> 28.993713
<State> 5
<NumMixes> 3
<Mixture> 0 <Weight> 0.333333
<Mean>
833.458252 468.881897 -9.186579 -260.205322 -141.719193 117.880280 21.899384 0.378748 -0.717201 
<Inverted_Deviation>
0.004825 0.008324 0.013602 0.025049 0.070711 0.070711 0.047858 0.070711 0.010961 
<LogVarVal> 38.758636
<Mixture> 1 <Weight> 0.500000
<Mean>
701.750000 230.532074 -44.851257 -226.196289 -45.379681 46.242916 -1.622934 -63.836777 -19.588209 
<Inverted_Deviation>
0.003164 0.035719 0.007392 0.015001 0.005601 0.010718 0.016533 0.014962 0.018288 
<LogVarVal> 45.372822
<Mixture> 2 <Weight> 0.166667
<Mean>
1342.250000 146.147873 -236.786591 -362.606537 96.079018 32.122520 24.369976 52.160572 -4.247006 
<Inverted_Deviation>
0.070711 0.070711 0.070711 0.070711 0.070711 0.070711 0.070711 0.070711 0.070711 
<LogVarVal> 28.993713
<TransP>
-0.405465 -1.098612 -10000000000.000000 -10000000000.000000 -10000000000.000000 -10000000000.000000 
-10000000000.000000 -0.693147 -0.693147 -10000000000.000000 -10000000000.000000 -10000000000.000000 
-10000000000.000000 -10000000000.000000 -0.693147 -0.693147 -10000000000.000000 -10000000000.000000 
-10000000000.000000 -10000000000.000000 -10000000000.000000 -0.693147 -0.693147 -10000000000.000000 
-10000000000.000000 -10000000000.000000 -10000000000.000000 -10000000000.000000 -0.693147 -0.693147 
-10000000000.000000 -10000000000.000000 -10000000000.000000 -10000000000.000000 -10000000000.000000 0.000000 
<EndEmbeddedHMM>
<BeginEmbeddedHMM>
<NumStates> 6
<State> 0
<NumMixes> 3
<Mixture> 0 <Weight> 0.444444
<Mean>
1625.166626 -10.964821 -52.025707 78.635117 16.509188 20.703623 -27.708235 5.964296 9.458466 
<Inverted_Deviation>
0.016825 0.009939 0.021139 0.017296 0.018977 0.040544 0.023428 0.024487 0.052790 
<LogVarVal> 39.336136
<Mixture> 1 <Weight> 0.333333
<Mean>
1499.888916 -69.629814 -36.986107 -175.514267 6.532014 -46.170784 -102.263489 -9.126915 -16.301867 
<Inverted_Deviation>
0.007135 0.004384 0.016927 0.023664 0.010364 0.009009 0.070711 0.041512 0.038822 
<LogVarVal> 41.705208
<Mixture> 2 <Weight> 0.222222
<Mean>
1446.708252 -195.637650 82.860374 44.541634 -51.201290 -38.152905 9.574945 33.633793 -9.307798 
<Inverted_Deviation>
0.070711 0.014040 0.020232 0.070711 0.017625 0.039252 0.011353 0.010803 0.018746 
<LogVarVal> 38.875027
<State> 1
<NumMixes> 3
<Mixture> 0 <Weight> 0.333333
<Mean>
1505.500000 13.787383 61.715580 92.347542 17.477074 -10.318207 -17.115595 20.118540 -34.665005 
<Inverted_Deviation>
0.012571 0.060902 0.070711 0.017044 0.016301 0.014959 0.027098 0.012813 0.070711 
<LogVarVal> 37.981026
<Mixture> 1 <Weight> 0.500000
<Mean>
1532.694336 23.838165 9.569970 -82.351234 -65.549675 -2.929455 -83.802933 -20.105183 33.857990 
<Inverted_Deviation>
0.016837 0.019416 0.070711 0.006906 0.054902 0.015653 0.037817 0.018347 0.070711 
<LogVarVal> 37.783401
<Mixture> 2 <Weight> 0.166667
<Mean>
1516.000000 108.581223 2.660701 103.774101 6.431340 -17.150049 36.630493 -30.715403 -36.639683 
<Inverted_Deviation>
0.070711 0.070711 0.070711 0.070711 0.070711 0.070711 0.070711 0.070711 0.070711 
<LogVarVal> 28.993713
<State> 2
<NumMixes> 3
<Mixture> 0 <Weight> 0.166667
<Mean>
1573.333252 -74.060341 -80.670486 300.184235 -57.286606 -62.246555 -123.698105 15.619528 4.944178 
<Inverted_Deviation>
0.070711 0.070711 0.070711 0.070711 0.070711 0.070711 0.070711 0.070711 0.070711 
<LogVarVal> 28.993713
<Mixture> 1 <Weight> 0.666667
<Mean>
1717.145752 -158.406036 -11.717920 -32.432262 7.360940 13.887401 -32.930111 0.515051 -11.304204 
<Inverted_Deviation>
0.011157 0.031875 0.007204 0.016287 0.026355 0.021063 0.042827 0.017929 0.018589 
<LogVarVal> 40.796803
<Mixture> 2 <Weight> 0.166667
<Mean>
1500.166626 -128.984665 43.920776 218.147888 -119.751144 22.044556 -56.192673 77.912148 44.946682 
<Inverted_Deviation>
0.070711 0.070711 0.070711 0.070711 0.070711 0.070711 0.070711 0.070711 0.070711 
<LogVarVal> 28.993713
<State> 3
<NumMixes> 3
<Mixture> 0 <Weight> 0.333333
<Mean>
1823.916626 65.020676 -3.521021 49.395687 -13.350803 -33.504330 -90.080971 31.044132 -20.375957 
<Inverted_Deviation>
0.025027 0.070123 0.015501 0.062915 0.015827 0.014233 0.070711 0.026327 0.022883 
<LogVarVal> 36.891285
<Mixture> 1 <Weight> 0.333333
<Mean>
1729.625000 131.051666 -23.594955 -202.765930 118.747787 -19.913082 -85.475311 51.942017 27.509024 
<Inverted_Deviation>
0.010060 0.031504 0.016372 0.012835 0.019410 0.014403 0.036553 0.021972 0.021460 
<LogVarVal> 40.826717
<Mixture> 2 <Weight> 0.333333
<Mean>
1634.666626 -10.864790 16.451937 262.862732 73.530533 5.442609 -30.824886 -75.193779 -16.149199 
<Inverted_Deviation>
0.070711 0.019616 0.044857 0.021291 0.070711 0.022344 0.038122 0.028940 0.009541 
<LogVarVal> 36.597675
<State> 4
<NumMixes> 3
<Mixture> 0 <Weight> 0.333333
<Mean>
1812.666626 -55.291523 13.697532 5.838660 10.858143 54.420692 -114.047417 -28.756227 16.628656 
<Inverted_Deviation>
0.022810 0.048047 0.054205 0.070711 0.008854 0.070711 0.052362 0.033622 0.046100 
<LogVarVal> 34.326668
<Mixture> 1 <Weight> 0.333333
<Mean>
1634.458252 -75.664795 55.349781 -304.203857 -57.557228 33.150330 -95.731071 -10.805105 -34.229805 
<Inverted_Deviation>
0.022476 0.009816 0.018255 0.043108 0.016185 0.015118 0.070711 0.013558 0.031710 
<LogVarVal> 39.434254
<Mixture> 2 <Weight> 0.333333
<Mean>
1742.541504 -55.394436 -19.774399 157.215454 17.323051 4.865321 4.452643 28.823925 22.915329 
<Inverted_Deviation>
0.024207 0.022657 0.039253 0.070711 0.070711 0.042322 0.037215 0.019209 0.070711 
<LogVarVal> 34.250732
<State> 5
<NumMixes> 3
<Mixture> 0 <Weight> 0.500000
<Mean>
1246.472168 552.476074 -19.908316 6.351349 43.360191 -59.834892 -62.289291 -9.664148 -7.588107 
<Inverted_Deviation>
0.015457 0.013740 0.010632 0.005529 0.012475 0.015331 0.019056 0.011775 0.015816 
<LogVarVal> 44.460873
<Mixture> 1 <Weight> 0.166667
<Mean>
1634.916626 123.949966 -228.224991 -199.982864 -36.904320 -22.355906 -127.188759 69.814232 45.555336 
<Inverted_Deviation>
0.070711 0.070711 0.070711 0.070711 0.070711 0.070711 0.070711 0.070711 0.070711 
<LogVarVal> 28.993713
<Mixture> 2 <Weight> 0.333333
<Mean>
1662.625000 232.715118 -211.017303 122.217415 -73.000885 -4.057128 -34.462948 -23.766047 -14.158865 
<Inverted_Deviation>
0.011158 0.018616 0.070711 0.015277 0.022769 0.034109 0.017758 0.055468 0.038474 
<LogVarVal> 37.802341
<TransP>
-0.405465 -1.098612 -10000000000.000000 -10000000000.000000 -10000000000.000000 -10000000000.000000 
-10000000000.000000 -0.693147 -0.693147 -10000000000.000000 -10000000000.000000 -10000000000.000000 
-10000000000.000000 -10000000000.000000 -0.693147 -0.693147 -10000000000.000000 -10000000000.000000 
-10000000000.000000 -10000000000.000000 -10000000000.000000 -0.693147 -0.693147 -10000000000.000000 
-10000000000.000000 -10000000000.000000 -10000000000.000000 -10000000000.000000 -0.693147 -0.693147 
-10000000000.000000 -10000000000.000000 -10000000000.000000 -10000000000.000000 -10000000000.000000 0.000000 
<EndEmbeddedHMM>
<BeginEmbeddedHMM>
<NumStates> 6
<State> 0
<NumMixes> 3
<Mixture> 0 <Weight> 0.111111
<Mean>
1290.083252 -86.034431 116.671837 187.692886 151.112198 21.789700 -145.492920 -128.980530 21.038830 
<Inverted_Deviation>
0.070711 0.070711 0.070711 0.070711 0.070711 0.070711 0.070711 0.070711 0.070711 
<LogVarVal> 28.993713
<Mixture> 1 <Weight> 0.666667
<Mean>
1431.513916 -38.599525 -19.022097 48.180218 -17.742527 -3.501975 -0.124662 -19.906250 -13.410995 
<Inverted_Deviation>
0.012621 0.010856 0.010872 0.016635 0.010207 0.023238 0.016749 0.013801 0.018757 
<LogVarVal> 43.359795
<Mixture> 2 <Weight> 0.222222
<Mean>
1157.125000 -185.971527 0.700169 208.090118 110.967400 10.667208 67.620079 106.030556 37.255020 
<Inverted_Deviation>
0.010342 0.056316 0.005609 0.013946 0.037603 0.014551 0.013299 0.015337 0.023731 
<LogVarVal> 41.804768
<State> 1
<NumMixes> 3
<Mixture> 0 <Weight> 0.333333
<Mean>
1342.333252 72.466705 5.826035 77.113907 -0.902518 -15.711149 -180.319031 71.748596 21.892303 
<Inverted_Deviation>
0.016801 0.070711 0.064962 0.070711 0.030124 0.070711 0.015787 0.029865 0.070711 
<LogVarVal> 33.730202
<Mixture> 1 <Weight> 0.333333
<Mean>
1453.375000 42.181061 22.444345 -29.734331 16.532555 41.800041 84.478806 -41.483746 18.238005 
<Inverted_Deviation>
0.032091 0.027017 0.039813 0.070711 0.012619 0.070711 0.022635 0.023012 0.043866 
<LogVarVal> 35.782757
<Mixture> 2 <Weight> 0.333333
<Mean>
1304.583252 62.104118 -3.655511 146.340836 -37.498909 2.232475 105.623291 -38.331898 -26.364687 
<Inverted_Deviation>
0.022686 0.070711 0.033431 0.035998 0.070711 0.066902 0.026440 0.022375 0.064106 
<LogVarVal> 33.842541
<State> 2
<NumMixes> 3
<Mixture> 0 <Weight> 0.333333
<Mean>
1255.875000 -17.675714 19.951918 24.118021 28.286312 6.930746 -259.530914 5.901775 -15.882448 
<Inverted_Deviation>
0.070711 0.023071 0.052816 0.030193 0.070711 0.057600 0.042704 0.037498 0.024058 
<LogVarVal> 33.678333
<Mixture> 1 <Weight> 0.333333
<Mean>
1462.583252 -54.399296 2.339626 56.450134 -57.162197 -35.971874 230.487183 -59.101212 -19.136429 
<Inverted_Deviation>
0.027462 0.070711 0.060091 0.027849 0.014599 0.033478 0.016358 0.029305 0.054736 
<LogVarVal> 35.960205
<Mixture> 2 <Weight> 0.333333
<Mean>
1251.958252 -34.639328 23.881443 193.695297 -6.916800 7.437289 131.021744 1.927336 10.052217 
<Inverted_Deviation>
0.039014 0.019928 0.070711 0.070711 0.070711 0.035465 0.070711 0.070711 0.070711 
<LogVarVal> 31.544926
<State> 3
<NumMixes> 3
<Mixture> 0 <Weight> 0.333333
<Mean>
1385.625000 -84.372482 -8.605433 33.952614 -41.559410 -5.761951 -252.327179 -38.023464 39.148148 
<Inverted_Deviation>
0.016687 0.070711 0.035401 0.070711 0.070711 0.016401 0.036429 0.011439 0.070711 
<LogVarVal> 35.075603
<Mixture> 1 <Weight> 0.333333
<Mean>
1551.916626 -29.726128 -4.885658 15.403701 55.530018 35.128975 189.413910 90.375122 0.061407 
<Inverted_Deviation>
0.034219 0.070711 0.043879 0.041521 0.012896 0.014637 0.023252 0.070711 0.011228 
<LogVarVal> 36.958210
<Mixture> 2 <Weight> 0.333333
<Mean>
1364.416626 -41.986351 -16.918720 209.141418 0.592818 -18.691570 129.978699 8.916026 -25.679377 
<Inverted_Deviation>
0.027372 0.028345 0.070711 0.070711 0.029642 0.070711 0.045208 0.018378 0.030172 
<LogVarVal> 34.372803
<State> 4
<NumMixes> 3
<Mixture> 0 <Weight> 0.166667
<Mean>
1385.166626 47.582516 -73.188431 194.361588 -46.609707 77.304008 -34.901649 50.899677 3.618215 
<Inverted_Deviation>
0.070711 0.070711 0.070711 0.070711 0.070711 0.070711 0.070711 0.070711 0.070711 
<LogVarVal> 28.993713
<Mixture> 1 <Weight> 0.666667
<Mean>
1580.958252 -31.398731 -13.477077 62.667065 -27.149981 -8.359401 -12.267373 -25.391598 -15.963833 
<Inverted_Deviation>
0.012038 0.036680 0.036275 0.026942 0.016207 0.036310 0.009169 0.013889 0.035362 
<LogVarVal> 39.555855
<Mixture> 2 <Weight> 0.166667
<Mean>
1421.500000 -21.867264 15.975039 170.918686 43.868546 -7.845757 61.227554 83.767860 22.555981 
<Inverted_Deviation>
0.070711 0.070711 0.070711 0.070711 0.070711 0.070711 0.070711 0.070711 0.070711 
<LogVarVal> 28.993713
<State> 5
<NumMixes> 3
<Mixture> 0 <Weight> 0.500000
<Mean>
1090.250000 311.893066 56.400311 9.707079 110.741783 46.862907 46.349266 -47.777008 -27.353292 
<Inverted_Deviation>
0.022240 0.006397 0.016413 0.014201 0.009374 0.010434 0.017791 0.026401 0.010586 
<LogVarVal> 43.817368
<Mixture> 1 <Weight> 0.333333
<Mean>
1399.250000 281.292755 -179.043121 81.384201 21.667294 -37.650040 16.135441 -6.709438 20.657957 
<Inverted_Deviation>
0.012002 0.070711 0.034768 0.040564 0.070711 0.034645 0.027591 0.070711 0.070711 
<LogVarVal> 33.687416
<Mixture> 2 <Weight> 0.166667
<Mean>
1275.500000 159.637390 6.651062 62.069649 137.903244 -194.990112 30.554161 -95.256050 78.430275 
<Inverted_Deviation>
0.070711 0.070711 0.070711 0.070711 0.070711 0.070711 0.070711 0.070711 0.070711 
<LogVarVal> 28.993713
<TransP>
-0.405465 -1.098612 -10000000000.000000 -10000000000.000000 -10000000000.000000 -10000000000.000000 
-10000000000.000000 -0.693147 -0.693147 -10000000000.000000 -10000000000.000000 -10000000000.000000 
-10000000000.000000 -10000000000.000000 -0.693147 -0.693147 -10000000000.000000 -10000000000.000000 
-10000000000.000000 -10000000000.000000 -10000000000.000000 -0.693147 -0.693147 -10000000000.000000 
-10000000000.000000 -10000000000.000000 -10000000000.000000 -10000000000.000000 -0.693147 -0.693147 
-10000000000.000000 -10000000000.000000 -10000000000.000000 -10000000000.000000 -10000000000.000000 0.000000 
<EndEmbeddedHMM>
<BeginEmbeddedHMM>
<NumStates> 3
<State> 0
<NumMixes> 3
<Mixture> 0 <Weight> 0.083333
<Mean>
1733.166626 229.449173 -73.639000 -716.758057 -371.741180 227.122253 -110.981972 -90.268631 -34.045990 
<Inverted_Deviation>
0.070711 0.070711 0.070711 0.070711 0.070711 0.070711 0.070711 0.070711 0.070711 
<LogVarVal> 28.993713
<Mixture> 1 <Weight> 0.666667
<Mean>
1267.770752 15.187077 21.933008 -63.344776 -66.868271 -8.409681 66.586960 39.117088 -12.843975 
<Inverted_Deviation>
0.013235 0.010549 0.010446 0.005818 0.005939 0.010091 0.006805 0.010253 0.020319 
<LogVarVal> 46.924911
<Mixture> 2 <Weight> 0.250000
<Mean>
1687.194336 357.846741 50.893097 -62.040382 -125.220139 -110.933586 -247.731201 -187.499237 39.826874 
<Inverted_Deviation>
0.003123 0.007033 0.011478 0.003245 0.002970 0.009891 0.004001 0.005768 0.004292 
<LogVarVal> 52.638386
<State> 1
<NumMixes> 3
<Mixture> 0 <Weight> 0.200000
<Mean>
1233.083374 19.708687 14.066750 -103.374725 21.769707 11.845214 -5.383012 -20.920681 -6.439316 
<Inverted_Deviation>
0.029254 0.013236 0.020126 0.031801 0.021970 0.048491 0.035250 0.049082 0.044055 
<LogVarVal> 36.688122
<Mixture> 1 <Weight> 0.266667
<Mean>
1178.833252 -38.860146 8.083124 -30.170444 -5.941310 2.917498 71.297829 -5.083068 -1.490077 
<Inverted_Deviation>
0.010457 0.014344 0.025589 0.070514 0.016789 0.020598 0.059453 0.053800 0.047046 
<LogVarVal> 37.045063
<Mixture> 2 <Weight> 0.533333
<Mean>
1273.625000 -23.096083 -15.548040 -1.616353 7.267187 -8.091279 -76.742706 9.176064 15.212866 
<Inverted_Deviation>
0.015205 0.013178 0.022217 0.011865 0.019473 0.025415 0.014335 0.014926 0.049519 
<LogVarVal> 40.973888
<State> 2
<NumMixes> 3
<Mixture> 0 <Weight> 0.583333
<Mean>
1449.488037 -70.973770 23.173967 -193.895981 104.434074 -9.190801 86.819008 17.972755 -21.306324 
<Inverted_Deviation>
0.010593 0.008606 0.013175 0.003548 0.006028 0.007820 0.004091 0.006524 0.006368 
<LogVarVal> 49.975052
<Mixture> 1 <Weight> 0.166667
<Mean>
1924.916626 -194.401428 -62.013489 -503.131805 101.701584 66.274139 -220.749008 -21.305830 46.290886 
<Inverted_Deviation>
0.007346 0.007672 0.011991 0.008091 0.008140 0.007940 0.070711 0.013908 0.008993 
<LogVarVal> 45.458103
<Mixture> 2 <Weight> 0.250000
<Mean>
1737.944336 -197.467804 -18.495773 436.995056 -120.732964 -23.808584 -367.006927 145.921997 17.435843 
<Inverted_Deviation>
0.003793 0.011626 0.007431 0.006236 0.004088 0.004595 0.004930 0.006960 0.009746 
<LogVarVal> 50.953087
<TransP>
-0.287682 -1.386294 -10000000000.000000 
-10000000000.000000 -0.223144 -1.609438 
-10000000000.000000 -10000000000.000000 0.000000 
<EndEmbeddedHMM>
