<NumSuperStates> 5
<NumStates> 3 6 6 6 3 
<NumMixtures> 3 3 3 3 3 3 3 3 3 3 3 3 3 3 3 3 3 3 3 3 3 3 3 3 
<VecSize> 9
<BeginExternalHMM>
<NumStates> 5
<TransP>
-0.405465 -1.098612 -10000000000.000000 -10000000000.000000 -10000000000.000000 
-10000000000.000000 -0.405465 -1.098612 -10000000000.000000 -10000000000.000000 
-10000000000.000000 -10000000000.000000 -0.405465 -1.098612 -10000000000.000000 
-10000000000.000000 -10000000000.000000 -10000000000.000000 -0.405465 -1.098612 
-10000000000.000000 -10000000000.000000 -10000000000.000000 -10000000000.000000 0.000000 
<EndExternalHMM>
<BeginEmbeddedHMM>
<NumStates> 3
<State> 0
<NumMixes> 3
<Mixture> 0 <Weight> 0.266667
<Mean>
469.729126 -41.368664 -1.743216 5.786444 27.909901 1.368579 -0.982452 -4.662919 2.723878 
<Inverted_Deviation>
0.037374 0.042332 0.031087 0.052756 0.067571 0.030753 0.070711 0.051479 0.051045 
<LogVarVal> 32.780415
<Mixture> 1 <Weight> 0.466667
<Mean>
364.547638 -30.482107 -1.584526 10.896094 -1.988036 2.497014 5.099870 -2.057292 0.035600 
<Inverted_Deviation>
0.025651 0.064121 0.070711 0.030384 0.042267 0.064125 0.037381 0.047574 0.070711 
<LogVarVal> 32.596313
<Mixture> 2 <Weight> 0.266667
<Mean>
494.562469 -54.353172 2.914767 -109.531372 13.097366 -6.058933 103.090607 1.868698 -4.403698 
<Inverted_Deviation>
0.010352 0.044273 0.041033 0.041403 0.034126 0.031399 0.046371 0.022843 0.062198 
<LogVarVal> 35.683292
<State> 1
<NumMixes> 3
<Mixture> 0 <Weight> 0.166667
<Mean>
639.500000 -27.583694 -31.643471 -92.996315 65.768105 14.546583 56.886848 -25.013012 18.339874 
<Inverted_Deviation>
0.070711 0.035516 0.070711 0.010040 0.070711 0.070711 0.025370 0.070711 0.045081 
<LogVarVal> 33.109509
<Mixture> 1 <Weight> 0.583333
<Mean>
546.142822 -32.336792 6.665168 11.172927 -6.348439 -5.602036 8.609691 8.776082 -3.899229 
<Inverted_Deviation>
0.016742 0.018889 0.030690 0.034479 0.026807 0.043853 0.035381 0.027753 0.052515 
<LogVarVal> 36.680126
<Mixture> 2 <Weight> 0.250000
<Mean>
713.472168 -51.609325 15.418232 -187.936920 -22.091484 0.959296 123.978561 -20.457991 -2.759098 
<Inverted_Deviation>
0.014218 0.023489 0.057461 0.037336 0.029485 0.024371 0.041023 0.063968 0.040562 
<LogVarVal> 35.686283
<State> 2
<NumMixes> 3
<Mixture> 0 <Weight> 0.166667
<Mean>
804.833313 33.254509 -34.047081 -211.123642 50.582237 17.464361 176.748779 -21.218103 -9.498291 
<Inverted_Deviation>
0.062854 0.015848 0.025764 0.041970 0.029668 0.013292 0.060975 0.070711 0.070711 
<LogVarVal> 34.826412
<Mixture> 1 <Weight> 0.750000
<Mean>
617.657410 14.136998 2.952923 15.988946 -28.534967 -5.875875 9.337458 8.686177 5.758938 
<Inverted_Deviation>
0.027992 0.021628 0.020913 0.019599 0.018521 0.021278 0.022082 0.021637 0.028850 
<LogVarVal> 39.391445
<Mixture> 2 <Weight> 0.083333
<Mean>
681.250000 109.887680 -12.044227 -166.616821 -139.168869 43.725708 140.302170 71.987152 -48.592403 
<Inverted_Deviation>
0.070711 0.070711 0.070711 0.070711 0.070711 0.070711 0.070711 0.070711 0.070711 
<LogVarVal> 28.993713
<TransP>
-0.223144 -1.609438 -10000000000.000000 
-10000000000.000000 -0.287682 -1.386294 
-10000000000.000000 -10000000000.000000 0.000000 
<EndEmbeddedHMM>
<BeginEmbeddedHMM>
<NumStates> 6
<State> 0
<NumMixes> 3
<Mixture> 0 <Weight> 0.333333
<Mean>
711.166687 -13.083973 -32.576092 -153.817078 -55.744579 16.866819 -5.815383 -4.559186 4.979522 
<Inverted_Deviation>
0.025477 0.011584 0.009152 0.013058 0.018093 0.016148 0.070711 0.051833 0.056049 
<LogVarVal> 38.940132
<Mixture> 1 <Weight> 0.333333
<Mean>
515.000000 -29.856642 -16.643911 -162.687561 -4.220366 15.421253 -22.196114 48.895931 -6.357709 
<Inverted_Deviation>
0.021421 0.022220 0.016699 0.059922 0.022902 0.018800 0.015041 0.033163 0.032718 
<LogVarVal> 38.482048
<Mixture> 2 <Weight> 0.333333
<Mean>
934.861084 2.537281 -44.966888 -214.551056 16.682638 6.577399 36.875725 -37.083054 6.550889 
<Inverted_Deviation>
0.023637 0.007524 0.006288 0.059606 0.066169 0.063484 0.020322 0.070711 0.052514 
<LogVarVal> 36.639305
<State> 1
<NumMixes> 3
<Mixture> 0 <Weight> 0.333333
<Mean>
1030.500000 -171.634644 18.390112 -138.289658 -4.946255 11.198284 10.201334 48.634621 5.483439 
<Inverted_Deviation>
0.007893 0.070711 0.070711 0.040206 0.010148 0.070711 0.020945 0.046094 0.043428 
<LogVarVal> 35.824280
<Mixture> 1 <Weight> 0.500000
<Mean>
717.222168 -104.530655 33.493687 -144.084122 32.007683 -24.688061 -37.845955 -31.472784 2.498202 
<Inverted_Deviation>
0.009828 0.027067 0.041889 0.014501 0.042676 0.046958 0.021787 0.028058 0.023825 
<LogVarVal> 38.139141
<Mixture> 2 <Weight> 0.166667
<Mean>
970.416626 -102.621521 44.156631 -210.513092 -20.161589 34.748379 67.517403 20.213795 -58.401592 
<Inverted_Deviation>
0.070711 0.070711 0.070711 0.070711 0.070711 0.070711 0.070711 0.070711 0.070711 
<LogVarVal> 28.993713
<State> 2
<NumMixes> 3
<Mixture> 0 <Weight> 0.333333
<Mean>
1430.125000 -72.912018 -183.727905 -233.493500 65.042618 62.848438 -26.014900 -28.372425 32.174381 
<Inverted_Deviation>
0.005163 0.022000 0.019410 0.021100 0.016810 0.016179 0.070711 0.038343 0.070711 
<LogVarVal> 38.804012
<Mixture> 1 <Weight> 0.500000
<Mean>
1000.694336 -113.930168 -27.981482 -288.057373 75.231720 10.702605 -14.630820 15.785458 -7.744800 
<Inverted_Deviation>
0.005509 0.007414 0.030352 0.019409 0.014372 0.010543 0.029210 0.029496 0.030388 
<LogVarVal> 42.038971
<Mixture> 2 <Weight> 0.166667
<Mean>
1417.000000 -304.573730 75.503815 -158.137970 26.730274 -82.881935 -19.170616 20.054951 2.450747 
<Inverted_Deviation>
0.070711 0.070711 0.070711 0.070711 0.070711 0.070711 0.070711 0.070711 0.070711 
<LogVarVal> 28.993713
<State> 3
<NumMixes> 3
<Mixture> 0 <Weight> 0.500000
<Mean>
1171.222168 203.039307 43.249420 -157.012680 -128.740997 1.332173 55.763653 -46.971474 -21.121170 
<Inverted_Deviation>
0.008508 0.015247 0.013565 0.006912 0.011163 0.021493 0.013124 0.029042 0.025351 
<LogVarVal> 43.258579
<Mixture> 1 <Weight> 0.333333
<Mean>
898.500000 45.101643 17.011032 -227.143585 -112.121109 -13.332273 -109.870308 81.762794 -5.151309 
<Inverted_Deviation>
0.031662 0.035437 0.047312 0.010702 0.049897 0.055978 0.013957 0.070711 0.070711 
<LogVarVal> 34.982922
<Mixture> 2 <Weight> 0.166667
<Mean>
1516.666626 282.131653 -59.664394 -262.877441 9.503695 43.998219 45.219810 -96.121933 31.617355 
<Inverted_Deviation>
0.070711 0.070711 0.070711 0.070711 0.070711 0.070711 0.070711 0.070711 0.070711 
<LogVarVal> 28.993713
<State> 4
<NumMixes> 3
<Mixture> 0 <Weight> 0.333333
<Mean>
1310.750000 -258.318115 -64.540489 -134.762131 107.576073 -21.986914 64.480835 44.524910 13.113007 
<Inverted_Deviation>
0.008327 0.010180 0.027769 0.008996 0.010924 0.029850 0.012784 0.044254 0.024849 
<LogVarVal> 42.022293
<Mixture> 1 <Weight> 0.500000
<Mean>
993.527771 -96.427795 28.620182 -133.132629 84.106369 -52.062206 -111.253067 -20.118767 20.063032 
<Inverted_Deviation>
0.010007 0.016780 0.010964 0.005774 0.014472 0.013828 0.006772 0.014665 0.024078 
<LogVarVal> 44.971287
<Mixture> 2 <Weight> 0.166667
<Mean>
1200.083252 -127.108597 180.004456 -198.067245 -41.457687 -20.503094 140.093460 48.279331 -30.077293 
<Inverted_Deviation>
0.070711 0.070711 0.070711 0.070711 0.070711 0.070711 0.070711 0.070711 0.070711 
<LogVarVal> 28.993713
<State> 5
<NumMixes> 3
<Mixture> 0 <Weight> 0.333333
<Mean>
1109.708252 458.940765 -105.316368 -266.558594 -105.701202 178.564896 24.385813 0.071192 -3.284880 
<Inverted_Deviation>
0.004600 0.010099 0.007856 0.021148 0.070711 0.070711 0.070711 0.019506 0.011716 
<LogVarVal> 40.162289
<Mixture> 1 <Weight> 0.500000
<Mean>
954.277771 186.342743 -59.256969 -244.736359 -39.685303 36.658939 -0.977085 -65.681580 -2.255646 
<Inverted_Deviation>
0.003214 0.033515 0.007679 0.014297 0.004821 0.011608 0.022539 0.017234 0.012296 
<LogVarVal> 45.446995
<Mixture> 2 <Weight> 0.166667
<Mean>
1592.499878 -20.933521 -173.146133 -336.588623 186.400528 -28.580471 34.000156 41.978844 -48.082047 
<Inverted_Deviation>
0.070711 0.070711 0.070711 0.070711 0.070711 0.070711 0.070711 0.070711 0.070711 
<LogVarVal> 28.993713
<TransP>
-0.405465 -1.098612 -10000000000.000000 -10000000000.000000 -10000000000.000000 -10000000000.000000 
-10000000000.000000 -0.693147 -0.693147 -10000000000.000000 -10000000000.000000 -10000000000.000000 
-10000000000.000000 -10000000000.000000 -0.693147 -0.693147 -10000000000.000000 -10000000000.000000 
-10000000000.000000 -10000000000.000000 -10000000000.000000 -0.693147 -0.693147 -10000000000.000000 
-10000000000.000000 -10000000000.000000 -10000000000.000000 -10000000000.000000 -0.693147 -0.693147 
-10000000000.000000 -10000000000.000000 -10000000000.000000 -10000000000.000000 -10000000000.000000 0.000000 
<EndEmbeddedHMM>
<BeginEmbeddedHMM>
<NumStates> 6
<State> 0
<NumMixes> 3
<Mixture> 0 <Weight> 0.444444
<Mean>
1283.104126 -21.763987 -23.232216 58.397568 -0.646390 20.588255 -49.269691 15.388497 10.440770 
<Inverted_Deviation>
0.027706 0.020482 0.044898 0.010075 0.017271 0.039025 0.016870 0.037254 0.070711 
<LogVarVal> 37.650303
<Mixture> 1 <Weight> 0.222222
<Mean>
1182.500000 26.187397 14.790138 -213.091644 63.023003 19.912025 -45.900635 -4.409532 -22.044014 
<Inverted_Deviation>
0.053056 0.033569 0.070711 0.020678 0.025794 0.070711 0.070711 0.022332 0.068235 
<LogVarVal> 33.452122
<Mixture> 2 <Weight> 0.333333
<Mean>
1080.944336 -212.804810 -157.157013 6.337428 23.159546 -32.471733 -29.407242 17.012501 6.798698 
<Inverted_Deviation>
0.029329 0.027160 0.022587 0.009578 0.014282 0.070185 0.022932 0.041869 0.042653 
<LogVarVal> 37.733631
<State> 1
<NumMixes> 3
<Mixture> 0 <Weight> 0.333333
<Mean>
1305.166626 -91.992691 126.427887 92.759735 10.488113 -4.326836 -84.932251 45.739815 -36.622936 
<Inverted_Deviation>
0.010077 0.034197 0.070711 0.005935 0.010136 0.013054 0.014732 0.007823 0.037345 
<LogVarVal> 42.186653
<Mixture> 1 <Weight> 0.500000
<Mean>
1249.138916 -32.685356 22.182446 -111.162628 -71.029327 -14.542980 -57.957222 -26.156570 40.085716 
<Inverted_Deviation>
0.014071 0.011752 0.022383 0.008377 0.040917 0.012031 0.070711 0.015658 0.070711 
<LogVarVal> 39.511990
<Mixture> 2 <Weight> 0.166667
<Mean>
1210.333252 100.804207 -10.159106 153.998703 -10.439969 -11.032580 -43.164791 33.659248 -62.148602 
<Inverted_Deviation>
0.070711 0.070711 0.070711 0.070711 0.070711 0.070711 0.070711 0.070711 0.070711 
<LogVarVal> 28.993713
<State> 2
<NumMixes> 3
<Mixture> 0 <Weight> 0.333333
<Mean>
1798.541626 -192.175064 -159.364700 141.607040 -22.517918 -70.871223 -160.824646 -4.739565 19.603626 
<Inverted_Deviation>
0.006320 0.070711 0.018733 0.003207 0.038394 0.023772 0.006586 0.051996 0.037280 
<LogVarVal> 40.851967
<Mixture> 1 <Weight> 0.500000
<Mean>
1667.055542 -309.405396 -18.009960 -100.443932 40.465130 26.889481 -20.095654 25.139767 -24.281584 
<Inverted_Deviation>
0.008065 0.007888 0.004567 0.014588 0.065759 0.014940 0.070711 0.017601 0.029799 
<LogVarVal> 41.558102
<Mixture> 2 <Weight> 0.166667
<Mean>
1440.750000 -319.786194 46.685509 304.432922 -132.134232 -4.215197 -217.506378 54.429127 69.923706 
<Inverted_Deviation>
0.070711 0.070711 0.070711 0.070711 0.070711 0.070711 0.070711 0.070711 0.070711 
<LogVarVal> 28.993713
<State> 3
<NumMixes> 3
<Mixture> 0 <Weight> 0.166667
<Mean>
1697.999878 44.184677 87.207603 231.400558 98.670082 2.740793 -130.892502 -68.339966 -88.797470 
<Inverted_Deviation>
0.070711 0.070711 0.070711 0.070711 0.070711 0.070711 0.070711 0.070711 0.070711 
<LogVarVal> 28.993713
<Mixture> 1 <Weight> 0.666667
<Mean>
1760.166626 213.346436 1.212721 -178.118439 62.595249 -9.619950 -82.648064 18.710470 10.409868 
<Inverted_Deviation>
0.004870 0.020855 0.009046 0.005879 0.019101 0.017896 0.020048 0.026848 0.021614 
<LogVarVal> 43.530598
<Mixture> 2 <Weight> 0.166667
<Mean>
1742.583252 103.881599 -68.124672 347.691223 93.537796 6.806785 -176.154770 -93.447304 54.024612 
<Inverted_Deviation>
0.070711 0.070711 0.070711 0.070711 0.070711 0.070711 0.070711 0.070711 0.070711 
<LogVarVal> 28.993713
<State> 4
<NumMixes> 3
<Mixture> 0 <Weight> 0.333333
<Mean>
1832.875000 -148.992035 12.403394 10.225971 -77.799660 42.148876 -78.724426 -37.917160 -5.413568 
<Inverted_Deviation>
0.070711 0.015128 0.040081 0.006771 0.014496 0.070711 0.044801 0.070711 0.038693 
<LogVarVal> 36.093357
<Mixture> 1 <Weight> 0.500000
<Mean>
1604.833374 -141.752106 73.171906 -234.356735 -37.720882 27.675167 -69.601074 -0.854879 -21.641043 
<Inverted_Deviation>
0.007499 0.006970 0.011428 0.008544 0.011479 0.009889 0.014064 0.012363 0.028625 
<LogVarVal> 45.538773
<Mixture> 2 <Weight> 0.166667
<Mean>
1700.166626 -111.432434 4.798026 144.315750 84.594925 28.433285 -66.242294 20.507055 30.909239 
<Inverted_Deviation>
0.070711 0.070711 0.070711 0.070711 0.070711 0.070711 0.070711 0.070711 0.070711 
<LogVarVal> 28.993713
<State> 5
<NumMixes> 3
<Mixture> 0 <Weight> 0.500000
<Mean>
1512.555542 571.319092 -267.956055 0.824092 38.726311 -72.174927 -47.917564 -44.570141 31.649197 
<Inverted_Deviation>
0.019805 0.014336 0.009709 0.006196 0.008407 0.008315 0.010821 0.047310 0.031492 
<LogVarVal> 43.640301
<Mixture> 1 <Weight> 0.166667
<Mean>
1871.666504 -124.706200 -123.415413 -202.159882 31.452930 -2.406943 -119.077118 93.241875 47.024033 
<Inverted_Deviation>
0.070711 0.070711 0.070711 0.070711 0.070711 0.070711 0.070711 0.070711 0.070711 
<LogVarVal> 28.993713
<Mixture> 2 <Weight> 0.333333
<Mean>
1916.125000 -36.160664 -110.446121 107.139084 -115.249985 -8.942582 -52.599777 -8.791364 -21.443642 
<Inverted_Deviation>
0.011728 0.011542 0.070711 0.010015 0.069884 0.025548 0.035731 0.041582 0.070711 
<LogVarVal> 36.800793
<TransP>
-0.405465 -1.098612 -10000000000.000000 -10000000000.000000 -10000000000.000000 -10000000000.000000 
-10000000000.000000 -0.693147 -0.693147 -10000000000.000000 -10000000000.000000 -10000000000.000000 
-10000000000.000000 -10000000000.000000 -0.693147 -0.693147 -10000000000.000000 -10000000000.000000 
-10000000000.000000 -10000000000.000000 -10000000000.000000 -0.693147 -0.693147 -10000000000.000000 
-10000000000.000000 -10000000000.000000 -10000000000.000000 -10000000000.000000 -0.693147 -0.693147 
-10000000000.000000 -10000000000.000000 -10000000000.000000 -10000000000.000000 -10000000000.000000 0.000000 
<EndEmbeddedHMM>
<BeginEmbeddedHMM>
<NumStates> 6
<State> 0
<NumMixes> 3
<Mixture> 0 <Weight> 0.222222
<Mean>
1004.000000 67.553101 48.784111 52.549236 -120.127251 -38.657059 7.139450 50.551884 32.557552 
<Inverted_Deviation>
0.015045 0.012845 0.018020 0.009087 0.018797 0.016866 0.020116 0.019203 0.021602 
<LogVarVal> 42.170479
<Mixture> 1 <Weight> 0.555556
<Mean>
1088.966675 -36.186062 -12.990501 48.691780 -27.975916 -38.045525 22.045689 12.896987 7.393247 
<Inverted_Deviation>
0.014828 0.017367 0.038248 0.018498 0.010495 0.027999 0.026931 0.021170 0.034409 
<LogVarVal> 39.640968
<Mixture> 2 <Weight> 0.222222
<Mean>
1243.166626 246.272430 88.525146 -209.259338 -257.194763 -56.037922 55.416981 30.028564 -40.896149 
<Inverted_Deviation>
0.005788 0.004657 0.023985 0.011187 0.025477 0.012323 0.063743 0.048541 0.040006 
<LogVarVal> 40.959187
<State> 1
<NumMixes> 3
<Mixture> 0 <Weight> 0.333333
<Mean>
1039.041626 33.588531 -3.605970 -43.339283 66.394600 0.518868 -13.813058 -35.054272 26.843052 
<Inverted_Deviation>
0.070711 0.070711 0.018993 0.019464 0.070711 0.070711 0.060351 0.021786 0.041665 
<LogVarVal> 33.462929
<Mixture> 1 <Weight> 0.333333
<Mean>
1118.000000 25.269547 29.429968 110.236023 -62.892517 59.872612 117.738602 -53.901867 12.055099 
<Inverted_Deviation>
0.070711 0.015106 0.014324 0.020197 0.009282 0.070711 0.018947 0.045812 0.060298 
<LogVarVal> 37.327789
<Mixture> 2 <Weight> 0.333333
<Mean>
929.333313 10.208964 3.339889 180.649445 10.767689 -27.393147 -94.580246 53.544724 -11.627666 
<Inverted_Deviation>
0.070711 0.059895 0.043822 0.070711 0.022212 0.028039 0.024113 0.051493 0.070711 
<LogVarVal> 33.114124
<State> 2
<NumMixes> 3
<Mixture> 0 <Weight> 0.333333
<Mean>
1153.958252 -144.591507 54.011547 -123.334000 5.081220 11.508204 115.647522 -59.726624 -18.559078 
<Inverted_Deviation>
0.008541 0.012647 0.070711 0.055208 0.070711 0.037404 0.025208 0.045537 0.032467 
<LogVarVal> 35.962826
<Mixture> 1 <Weight> 0.333333
<Mean>
1314.291626 -173.048706 14.073346 335.548584 -78.018852 -68.707748 216.167358 -15.464648 -32.619656 
<Inverted_Deviation>
0.007466 0.070711 0.032394 0.018306 0.008417 0.025116 0.043229 0.019212 0.070711 
<LogVarVal> 38.332455
<Mixture> 2 <Weight> 0.333333
<Mean>
1036.333252 -115.262527 40.834427 144.459625 7.551744 28.951715 -230.087006 53.602158 11.419734 
<Inverted_Deviation>
0.009731 0.014257 0.070711 0.070711 0.027824 0.044102 0.022541 0.070711 0.070711 
<LogVarVal> 35.126392
<State> 3
<NumMixes> 3
<Mixture> 0 <Weight> 0.333333
<Mean>
1446.791504 -83.637428 -46.073082 -122.156052 -27.516233 16.142015 64.486237 86.594398 14.376869 
<Inverted_Deviation>
0.012253 0.014077 0.019828 0.055474 0.019450 0.070711 0.026857 0.030541 0.010789 
<LogVarVal> 38.853214
<Mixture> 1 <Weight> 0.333333
<Mean>
1532.541626 -26.767570 -14.886826 205.452408 140.578659 43.512787 193.176178 39.763409 -2.056810 
<Inverted_Deviation>
0.022899 0.070711 0.011707 0.012632 0.011894 0.009238 0.028788 0.040268 0.070711 
<LogVarVal> 38.921459
<Mixture> 2 <Weight> 0.333333
<Mean>
1294.208252 -75.869331 -37.868755 219.829041 -51.314884 -33.653915 -246.152252 -42.617634 11.795027 
<Inverted_Deviation>
0.012131 0.014838 0.014853 0.055493 0.015062 0.016046 0.038862 0.036122 0.051942 
<LogVarVal> 38.728939
<State> 4
<NumMixes> 3
<Mixture> 0 <Weight> 0.333333
<Mean>
1517.624878 -62.269058 -5.087706 50.418575 -26.940811 9.660486 -50.826057 -41.530739 -34.893772 
<Inverted_Deviation>
0.020421 0.070711 0.042483 0.008807 0.010881 0.053282 0.021113 0.070711 0.059857 
<LogVarVal> 36.358150
<Mixture> 1 <Weight> 0.500000
<Mean>
1647.694336 -76.237701 -15.150961 84.589928 -30.153408 -23.495651 58.874962 31.464546 12.248913 
<Inverted_Deviation>
0.014405 0.024654 0.045886 0.017451 0.035933 0.040108 0.019713 0.022103 0.070711 
<LogVarVal> 37.154137
<Mixture> 2 <Weight> 0.166667
<Mean>
1410.499878 -71.972183 21.108015 210.931412 89.101372 10.169968 -136.582672 -74.000999 19.797804 
<Inverted_Deviation>
0.070711 0.070711 0.070711 0.070711 0.070711 0.070711 0.070711 0.070711 0.070711 
<LogVarVal> 28.993713
<State> 5
<NumMixes> 3
<Mixture> 0 <Weight> 0.500000
<Mean>
1387.083374 243.259857 6.547184 38.170189 82.004166 -40.064255 -8.918909 17.339188 -16.565027 
<Inverted_Deviation>
0.019156 0.008893 0.017963 0.018648 0.012728 0.028366 0.026775 0.029708 0.021996 
<LogVarVal> 40.710411
<Mixture> 1 <Weight> 0.333333
<Mean>
1622.708252 102.867432 -113.632965 106.818970 -4.143918 0.605044 28.803576 -10.243410 8.921631 
<Inverted_Deviation>
0.009942 0.070711 0.070711 0.017482 0.052372 0.068548 0.029304 0.029746 0.039255 
<LogVarVal> 35.019550
<Mixture> 2 <Weight> 0.166667
<Mean>
1439.500000 101.673759 -103.310616 113.297737 -3.864727 -4.233450 -33.868958 -7.860826 10.724465 
<Inverted_Deviation>
0.070711 0.070711 0.070711 0.070711 0.070711 0.070711 0.070711 0.070711 0.070711 
<LogVarVal> 28.993713
<TransP>
-0.405465 -1.098612 -10000000000.000000 -10000000000.000000 -10000000000.000000 -10000000000.000000 
-10000000000.000000 -0.693147 -0.693147 -10000000000.000000 -10000000000.000000 -10000000000.000000 
-10000000000.000000 -10000000000.000000 -0.693147 -0.693147 -10000000000.000000 -10000000000.000000 
-10000000000.000000 -10000000000.000000 -10000000000.000000 -0.693147 -0.693147 -10000000000.000000 
-10000000000.000000 -10000000000.000000 -10000000000.000000 -10000000000.000000 -0.693147 -0.693147 
-10000000000.000000 -10000000000.000000 -10000000000.000000 -10000000000.000000 -10000000000.000000 0.000000 
<EndEmbeddedHMM>
<BeginEmbeddedHMM>
<NumStates> 3
<State> 0
<NumMixes> 3
<Mixture> 0 <Weight> 0.466667
<Mean>
842.583313 8.627623 9.467083 -5.288558 -1.862173 3.846922 47.149055 -18.774168 6.737796 
<Inverted_Deviation>
0.016282 0.029526 0.027109 0.008914 0.024953 0.026897 0.009182 0.028716 0.032125 
<LogVarVal> 40.104839
<Mixture> 1 <Weight> 0.333333
<Mean>
1885.283203 713.617615 -39.227676 -221.848587 -33.577896 120.821976 -123.536697 -99.061256 9.304924 
<Inverted_Deviation>
0.002171 0.011331 0.003202 0.003542 0.003823 0.005630 0.004992 0.008861 0.006008 
<LogVarVal> 53.038475
<Mixture> 2 <Weight> 0.200000
<Mean>
1065.638916 272.334351 213.733643 -155.780136 -184.876404 -137.883423 13.137924 9.447983 -28.409702 
<Inverted_Deviation>
0.006616 0.007586 0.017649 0.014848 0.006380 0.016528 0.008034 0.006934 0.010079 
<LogVarVal> 46.848003
<State> 1
<NumMixes> 3
<Mixture> 0 <Weight> 0.333333
<Mean>
905.479126 -108.240417 33.452980 -29.032269 0.183240 -16.382999 34.002243 -7.360189 -1.269684 
<Inverted_Deviation>
0.012242 0.022433 0.070711 0.007585 0.028913 0.070711 0.007330 0.023390 0.056826 
<LogVarVal> 38.613628
<Mixture> 1 <Weight> 0.250000
<Mean>
1182.277832 -65.397858 -19.724911 162.293213 -16.286551 8.763792 230.551010 -9.709621 -18.004486 
<Inverted_Deviation>
0.011147 0.008931 0.013901 0.042258 0.070711 0.044738 0.040115 0.013820 0.022700 
<LogVarVal> 38.845001
<Mixture> 2 <Weight> 0.416667
<Mean>
1170.483276 -66.658043 -40.384808 -104.177689 10.154152 13.436050 6.349476 10.722230 5.425148 
<Inverted_Deviation>
0.008057 0.007361 0.016592 0.016755 0.019270 0.022222 0.013401 0.015124 0.030391 
<LogVarVal> 42.825375
<State> 2
<NumMixes> 3
<Mixture> 0 <Weight> 0.583333
<Mean>
1241.928467 14.272097 1.120961 86.940842 -27.138348 2.603892 29.084164 20.163843 -3.657547 
<Inverted_Deviation>
0.011731 0.010614 0.009924 0.006132 0.009081 0.018656 0.013321 0.012680 0.028531 
<LogVarVal> 44.775398
<Mixture> 1 <Weight> 0.166667
<Mean>
766.666626 63.042984 50.495785 297.729156 1.744185 -8.881274 6.776199 12.974560 18.655767 
<Inverted_Deviation>
0.004743 0.070711 0.070711 0.070711 0.034910 0.027071 0.008515 0.028271 0.055970 
<LogVarVal> 36.628891
<Mixture> 2 <Weight> 0.250000
<Mean>
995.333374 233.812408 -21.403339 129.074875 -146.687347 -26.695461 19.348715 1.740322 -0.165135 
<Inverted_Deviation>
0.007762 0.012038 0.005233 0.008915 0.021192 0.007548 0.025980 0.011774 0.070711 
<LogVarVal> 43.884312
<TransP>
-0.223144 -1.609438 -10000000000.000000 
-10000000000.000000 -0.287682 -1.386294 
-10000000000.000000 -10000000000.000000 0.000000 
<EndEmbeddedHMM>
