<NumSuperStates> 5
<NumStates> 3 6 6 6 3 
<NumMixtures> 3 3 3 3 3 3 3 3 3 3 3 3 3 3 3 3 3 3 3 3 3 3 3 3 
<VecSize> 9
<BeginExternalHMM>
<NumStates> 5
<TransP>
-0.405465 -1.098612 -10000000000.000000 -10000000000.000000 -10000000000.000000 
-10000000000.000000 -0.405465 -1.098612 -10000000000.000000 -10000000000.000000 
-10000000000.000000 -10000000000.000000 -0.405465 -1.098612 -10000000000.000000 
-10000000000.000000 -10000000000.000000 -10000000000.000000 -0.405465 -1.098612 
-10000000000.000000 -10000000000.000000 -10000000000.000000 -10000000000.000000 0.000000 
<EndExternalHMM>
<BeginEmbeddedHMM>
<NumStates> 3
<State> 0
<NumMixes> 3
<Mixture> 0 <Weight> 0.466667
<Mean>
273.988098 21.843983 7.367490 46.833511 -0.738209 -6.381476 3.074954 -7.985632 2.820199 
<Inverted_Deviation>
0.022354 0.051835 0.058667 0.046860 0.039719 0.070711 0.037807 0.070406 0.070711 
<LogVarVal> 32.261112
<Mixture> 1 <Weight> 0.333333
<Mean>
365.199982 28.066971 -6.527380 39.565342 4.977573 2.254587 2.120288 12.513022 -1.456335 
<Inverted_Deviation>
0.023797 0.042074 0.031315 0.070711 0.046445 0.045213 0.051078 0.051765 0.070711 
<LogVarVal> 32.921043
<Mixture> 2 <Weight> 0.200000
<Mean>
357.361084 -132.915802 73.400261 -6.503110 59.668327 -30.028786 -1.368749 6.715817 -8.181070 
<Inverted_Deviation>
0.070711 0.012230 0.024265 0.070711 0.023313 0.027712 0.070711 0.021215 0.029615 
<LogVarVal> 35.938461
<State> 1
<NumMixes> 3
<Mixture> 0 <Weight> 0.300000
<Mean>
450.916687 -108.582169 -84.076263 -59.747860 59.940151 30.019346 3.325017 -3.207584 12.796757 
<Inverted_Deviation>
0.012047 0.012383 0.023197 0.040740 0.049466 0.018174 0.047669 0.047637 0.020540 
<LogVarVal> 37.913128
<Mixture> 1 <Weight> 0.400000
<Mean>
326.749969 63.952408 20.903872 -21.084990 -54.403084 -11.782135 16.585640 17.581203 2.294551 
<Inverted_Deviation>
0.017045 0.027423 0.022946 0.040434 0.063962 0.031791 0.046205 0.070711 0.070711 
<LogVarVal> 34.373260
<Mixture> 2 <Weight> 0.300000
<Mean>
470.666687 150.475952 -33.402382 -94.344566 -36.296326 30.250835 12.111217 -28.732307 -13.671953 
<Inverted_Deviation>
0.012048 0.032539 0.009176 0.070711 0.015514 0.036679 0.039669 0.032043 0.064206 
<LogVarVal> 37.220798
<State> 2
<NumMixes> 3
<Mixture> 0 <Weight> 0.357143
<Mean>
320.783325 -11.107005 3.581176 27.923700 5.595123 1.319264 -17.835648 -5.666496 0.780182 
<Inverted_Deviation>
0.038118 0.070711 0.070711 0.061374 0.070711 0.070711 0.070711 0.070711 0.070711 
<LogVarVal> 29.753242
<Mixture> 1 <Weight> 0.214286
<Mean>
302.388885 -37.822563 4.452083 40.318649 21.696209 -6.932762 -2.594961 8.773391 7.805875 
<Inverted_Deviation>
0.046780 0.048116 0.070711 0.070711 0.070711 0.055851 0.070711 0.069211 0.070711 
<LogVarVal> 30.049192
<Mixture> 2 <Weight> 0.428571
<Mean>
249.375000 -5.891738 8.074313 38.999039 -12.460227 -3.968041 15.304858 4.801999 -1.478899 
<Inverted_Deviation>
0.037237 0.054219 0.070631 0.042339 0.070711 0.070711 0.070711 0.070711 0.070711 
<LogVarVal> 30.414579
<TransP>
-0.223144 -1.609438 -10000000000.000000 
-10000000000.000000 -0.356675 -1.203973 
-10000000000.000000 -10000000000.000000 0.000000 
<EndEmbeddedHMM>
<BeginEmbeddedHMM>
<NumStates> 6
<State> 0
<NumMixes> 3
<Mixture> 0 <Weight> 0.333333
<Mean>
511.944427 -111.100342 -36.487377 -264.061340 48.592285 62.306503 76.047226 21.025585 -24.366985 
<Inverted_Deviation>
0.005602 0.011571 0.032783 0.008938 0.008546 0.052499 0.031188 0.038507 0.019364 
<LogVarVal> 41.308723
<Mixture> 1 <Weight> 0.555556
<Mean>
254.233322 -11.827956 14.931709 -17.895151 51.733021 -14.228190 31.834517 -22.951414 1.666666 
<Inverted_Deviation>
0.043954 0.022858 0.070711 0.015731 0.024258 0.070711 0.041028 0.070711 0.070711 
<LogVarVal> 33.715584
<Mixture> 2 <Weight> 0.111111
<Mean>
341.583313 -150.598694 68.146996 -142.090546 167.725418 -52.802017 77.544701 -56.646091 14.199144 
<Inverted_Deviation>
0.070711 0.070711 0.070711 0.070711 0.070711 0.070711 0.070711 0.070711 0.070711 
<LogVarVal> 28.993713
<State> 1
<NumMixes> 3
<Mixture> 0 <Weight> 0.333333
<Mean>
733.833313 -151.613953 30.002934 -223.317734 0.255580 -4.840752 31.536505 -11.142919 13.969469 
<Inverted_Deviation>
0.005072 0.070711 0.070711 0.020055 0.025394 0.028643 0.030648 0.050175 0.026195 
<LogVarVal> 36.988617
<Mixture> 1 <Weight> 0.500000
<Mean>
403.250000 -112.300934 33.844494 -146.308975 3.891300 30.554573 57.352768 16.827328 -4.322899 
<Inverted_Deviation>
0.009308 0.013199 0.029788 0.016678 0.012848 0.024404 0.023104 0.023541 0.070711 
<LogVarVal> 39.996460
<Mixture> 2 <Weight> 0.166667
<Mean>
759.500000 -47.669727 45.726959 -293.065369 -88.468506 -47.556091 60.846943 1.355594 15.447754 
<Inverted_Deviation>
0.070711 0.070711 0.070711 0.070711 0.070711 0.070711 0.070711 0.070711 0.070711 
<LogVarVal> 28.993713
<State> 2
<NumMixes> 3
<Mixture> 0 <Weight> 0.333333
<Mean>
1045.458252 -33.215164 -137.642090 -250.183929 29.707634 -25.034857 3.011457 39.148773 15.298609 
<Inverted_Deviation>
0.005269 0.070711 0.031879 0.070711 0.012399 0.035019 0.015083 0.032280 0.041983 
<LogVarVal> 37.681328
<Mixture> 1 <Weight> 0.500000
<Mean>
719.722168 -111.642212 -61.472687 -144.792389 32.378330 -44.010567 38.093033 2.256889 -2.439654 
<Inverted_Deviation>
0.010149 0.004997 0.010823 0.018295 0.013400 0.014782 0.068303 0.025035 0.033440 
<LogVarVal> 41.863941
<Mixture> 2 <Weight> 0.166667
<Mean>
1071.666626 -194.591736 6.926451 -243.941284 -10.732426 52.565105 8.852456 56.354351 -33.139099 
<Inverted_Deviation>
0.070711 0.070711 0.070711 0.070711 0.070711 0.070711 0.070711 0.070711 0.070711 
<LogVarVal> 28.993713
<State> 3
<NumMixes> 3
<Mixture> 0 <Weight> 0.333333
<Mean>
865.125000 221.382889 10.127252 -276.875977 4.793040 44.351929 2.815384 -23.203671 -3.407183 
<Inverted_Deviation>
0.021509 0.068080 0.017503 0.070711 0.070711 0.035772 0.015734 0.035638 0.038845 
<LogVarVal> 35.086388
<Mixture> 1 <Weight> 0.500000
<Mean>
511.972168 174.780029 43.374657 -193.915512 -47.549797 7.247443 41.623734 -8.003847 -5.689583 
<Inverted_Deviation>
0.006820 0.015309 0.070711 0.013336 0.027825 0.018792 0.070711 0.070711 0.056194 
<LogVarVal> 37.018360
<Mixture> 2 <Weight> 0.166667
<Mean>
1108.416626 193.417770 -58.973148 -253.336563 45.005089 -3.610038 -64.561478 -28.419884 35.642677 
<Inverted_Deviation>
0.070711 0.070711 0.070711 0.070711 0.070711 0.070711 0.070711 0.070711 0.070711 
<LogVarVal> 28.993713
<State> 4
<NumMixes> 3
<Mixture> 0 <Weight> 0.166667
<Mean>
433.916656 90.087212 29.121149 -194.376099 -47.107403 1.628648 33.726810 24.212515 7.324945 
<Inverted_Deviation>
0.070711 0.070711 0.070711 0.070711 0.070711 0.070711 0.070711 0.070711 0.070711 
<LogVarVal> 28.993713
<Mixture> 1 <Weight> 0.500000
<Mean>
288.666687 36.872925 1.603138 -96.866501 -27.613831 -0.651647 47.062775 -0.186262 -2.974341 
<Inverted_Deviation>
0.016699 0.053804 0.042614 0.018304 0.070711 0.066532 0.040870 0.055618 0.063619 
<LogVarVal> 33.522968
<Mixture> 2 <Weight> 0.333333
<Mean>
647.250000 91.438057 11.996283 -266.012970 -11.210279 -7.310276 23.305178 -32.110691 0.871607 
<Inverted_Deviation>
0.012209 0.034507 0.047812 0.070711 0.056256 0.070711 0.046412 0.070711 0.070711 
<LogVarVal> 32.508621
<State> 5
<NumMixes> 3
<Mixture> 0 <Weight> 0.166667
<Mean>
346.833313 101.254562 69.832207 -105.442802 -118.206383 -20.969105 42.181725 24.901634 -8.934186 
<Inverted_Deviation>
0.070711 0.070711 0.070711 0.070711 0.070711 0.070711 0.070711 0.070711 0.070711 
<LogVarVal> 28.993713
<Mixture> 1 <Weight> 0.666667
<Mean>
259.750000 0.281216 22.396135 -26.536291 -48.059376 -3.591008 20.103336 12.315254 -1.826256 
<Inverted_Deviation>
0.043664 0.018219 0.042627 0.021822 0.043994 0.030401 0.066994 0.057463 0.070711 
<LogVarVal> 34.093807
<Mixture> 2 <Weight> 0.166667
<Mean>
452.749969 138.501007 -44.215431 -194.373062 -71.930222 54.691586 55.428516 -0.597487 -12.269710 
<Inverted_Deviation>
0.070711 0.070711 0.070711 0.070711 0.070711 0.070711 0.070711 0.070711 0.070711 
<LogVarVal> 28.993713
<TransP>
-0.405465 -1.098612 -10000000000.000000 -10000000000.000000 -10000000000.000000 -10000000000.000000 
-10000000000.000000 -0.693147 -0.693147 -10000000000.000000 -10000000000.000000 -10000000000.000000 
-10000000000.000000 -10000000000.000000 -0.693147 -0.693147 -10000000000.000000 -10000000000.000000 
-10000000000.000000 -10000000000.000000 -10000000000.000000 -0.693147 -0.693147 -10000000000.000000 
-10000000000.000000 -10000000000.000000 -10000000000.000000 -10000000000.000000 -0.693147 -0.693147 
-10000000000.000000 -10000000000.000000 -10000000000.000000 -10000000000.000000 -10000000000.000000 0.000000 
<EndEmbeddedHMM>
<BeginEmbeddedHMM>
<NumStates> 6
<State> 0
<NumMixes> 3
<Mixture> 0 <Weight> 0.444444
<Mean>
1259.125000 -209.456192 -115.757141 -14.602091 29.619312 -15.704597 -77.213913 1.973919 -2.521327 
<Inverted_Deviation>
0.005103 0.004557 0.012535 0.006490 0.026630 0.041015 0.013385 0.032152 0.038573 
<LogVarVal> 43.062798
<Mixture> 1 <Weight> 0.333333
<Mean>
817.138855 -221.070038 -39.472866 -337.169891 75.308945 25.744955 -46.336761 19.254221 7.806535 
<Inverted_Deviation>
0.003326 0.005150 0.008312 0.009536 0.007558 0.013092 0.033522 0.016017 0.018041 
<LogVarVal> 46.334358
<Mixture> 2 <Weight> 0.222222
<Mean>
708.750000 -469.485474 82.710571 3.598793 -6.568899 1.493686 -52.255280 35.521984 20.358410 
<Inverted_Deviation>
0.056957 0.070711 0.070711 0.009568 0.015382 0.023231 0.016108 0.021014 0.070711 
<LogVarVal> 36.541351
<State> 1
<NumMixes> 3
<Mixture> 0 <Weight> 0.333333
<Mean>
1364.833252 21.043131 20.302191 -110.320564 -75.080048 49.032112 -115.928986 -2.070680 19.122271 
<Inverted_Deviation>
0.065760 0.023705 0.070711 0.020177 0.009638 0.016669 0.070711 0.030523 0.024631 
<LogVarVal> 36.745785
<Mixture> 1 <Weight> 0.333333
<Mean>
1130.125000 -48.024975 41.063210 -334.374512 -52.685638 17.650583 -52.880280 13.789239 -30.224220 
<Inverted_Deviation>
0.028715 0.011417 0.040196 0.020802 0.028000 0.047929 0.070711 0.016184 0.056751 
<LogVarVal> 36.516468
<Mixture> 2 <Weight> 0.333333
<Mean>
1413.666504 68.248642 -15.505240 79.030838 -23.852539 4.903637 -19.931488 -33.614391 10.847569 
<Inverted_Deviation>
0.023899 0.035487 0.019768 0.070711 0.070711 0.015966 0.057126 0.034103 0.022454 
<LogVarVal> 35.620228
<State> 2
<NumMixes> 3
<Mixture> 0 <Weight> 0.333333
<Mean>
1433.708252 -40.099190 -88.223206 47.959854 30.402437 25.287548 -34.911213 19.459452 15.832905 
<Inverted_Deviation>
0.021238 0.070711 0.070711 0.014839 0.021058 0.028334 0.030205 0.017117 0.017355 
<LogVarVal> 37.557503
<Mixture> 1 <Weight> 0.500000
<Mean>
1369.611084 -91.474686 -12.674612 -105.788986 -57.869137 -47.897522 -65.853607 -42.563927 3.169124 
<Inverted_Deviation>
0.014062 0.015595 0.013261 0.009788 0.016379 0.018438 0.070711 0.024319 0.016563 
<LogVarVal> 41.097195
<Mixture> 2 <Weight> 0.166667
<Mean>
1384.916626 -59.643375 84.051285 102.731728 17.288548 6.346938 -21.721844 58.508640 -49.615540 
<Inverted_Deviation>
0.070711 0.070711 0.070711 0.070711 0.070711 0.070711 0.070711 0.070711 0.070711 
<LogVarVal> 28.993713
<State> 3
<NumMixes> 3
<Mixture> 0 <Weight> 0.333333
<Mean>
1251.416626 119.767715 80.322212 15.620140 28.788074 -23.538727 -32.437332 -3.673256 -21.249756 
<Inverted_Deviation>
0.070711 0.032664 0.070711 0.015744 0.070711 0.020067 0.070711 0.033015 0.020794 
<LogVarVal> 34.513210
<Mixture> 1 <Weight> 0.500000
<Mean>
1288.527832 171.299194 -23.014660 -91.020287 19.927797 -0.428100 -40.527504 22.609249 3.649838 
<Inverted_Deviation>
0.006685 0.056943 0.013534 0.012737 0.014442 0.043330 0.038095 0.046086 0.027146 
<LogVarVal> 39.018646
<Mixture> 2 <Weight> 0.166667
<Mean>
1353.750000 148.418579 -48.666409 81.189484 18.860420 -16.734837 -58.158379 -74.026390 23.763727 
<Inverted_Deviation>
0.070711 0.070711 0.070711 0.070711 0.070711 0.070711 0.070711 0.070711 0.070711 
<LogVarVal> 28.993713
<State> 4
<NumMixes> 3
<Mixture> 0 <Weight> 0.333333
<Mean>
1157.500000 -8.968309 9.454033 -121.328194 76.723190 12.599239 -53.687782 8.645976 -19.228737 
<Inverted_Deviation>
0.070711 0.052609 0.053763 0.015892 0.029016 0.070711 0.062358 0.026564 0.031221 
<LogVarVal> 33.869221
<Mixture> 1 <Weight> 0.333333
<Mean>
932.416626 66.276031 22.385529 -267.468658 65.692207 -3.998797 -37.248848 -20.579479 0.418964 
<Inverted_Deviation>
0.018326 0.020402 0.070711 0.019233 0.070711 0.070711 0.036544 0.070711 0.053800 
<LogVarVal> 33.822311
<Mixture> 2 <Weight> 0.333333
<Mean>
1230.375000 -57.364021 4.486135 6.207715 18.723122 14.836835 -41.216526 33.287598 14.106328 
<Inverted_Deviation>
0.025992 0.070711 0.028055 0.070711 0.034607 0.026664 0.040380 0.028290 0.061487 
<LogVarVal> 34.224911
<State> 5
<NumMixes> 3
<Mixture> 0 <Weight> 0.333333
<Mean>
874.291626 385.166077 -132.082947 -90.713776 -32.523857 52.708469 -89.086441 -21.540491 43.377609 
<Inverted_Deviation>
0.011680 0.023375 0.017809 0.005651 0.025063 0.010871 0.064684 0.020919 0.052568 
<LogVarVal> 40.320187
<Mixture> 1 <Weight> 0.500000
<Mean>
813.333374 155.844650 -56.085022 -295.303833 -10.001445 33.208153 2.195567 -7.698070 -6.905822 
<Inverted_Deviation>
0.003349 0.010514 0.018437 0.015216 0.007274 0.013174 0.009151 0.011709 0.016091 
<LogVarVal> 46.107880
<Mixture> 2 <Weight> 0.166667
<Mean>
1254.583252 48.781235 -66.078377 5.322734 -34.212906 -17.877527 -81.226105 9.670913 -29.142891 
<Inverted_Deviation>
0.070711 0.070711 0.070711 0.070711 0.070711 0.070711 0.070711 0.070711 0.070711 
<LogVarVal> 28.993713
<TransP>
-0.405465 -1.098612 -10000000000.000000 -10000000000.000000 -10000000000.000000 -10000000000.000000 
-10000000000.000000 -0.693147 -0.693147 -10000000000.000000 -10000000000.000000 -10000000000.000000 
-10000000000.000000 -10000000000.000000 -0.693147 -0.693147 -10000000000.000000 -10000000000.000000 
-10000000000.000000 -10000000000.000000 -10000000000.000000 -0.693147 -0.693147 -10000000000.000000 
-10000000000.000000 -10000000000.000000 -10000000000.000000 -10000000000.000000 -0.693147 -0.693147 
-10000000000.000000 -10000000000.000000 -10000000000.000000 -10000000000.000000 -10000000000.000000 0.000000 
<EndEmbeddedHMM>
<BeginEmbeddedHMM>
<NumStates> 6
<State> 0
<NumMixes> 3
<Mixture> 0 <Weight> 0.333333
<Mean>
1273.083252 -132.059067 -62.410957 71.655106 24.446991 31.602095 -3.426496 -9.150274 -11.766131 
<Inverted_Deviation>
0.010681 0.029243 0.022028 0.033354 0.027629 0.022406 0.029345 0.070711 0.056159 
<LogVarVal> 36.883354
<Mixture> 1 <Weight> 0.333333
<Mean>
928.861084 -410.988373 -129.582275 84.073051 24.680197 -36.965942 3.897258 2.766024 15.194282 
<Inverted_Deviation>
0.009060 0.029715 0.019230 0.061286 0.070711 0.020003 0.067863 0.070711 0.050438 
<LogVarVal> 35.002235
<Mixture> 2 <Weight> 0.333333
<Mean>
577.111084 -349.682495 169.662415 61.271744 -64.308289 -34.923550 0.476941 6.771202 -12.975780 
<Inverted_Deviation>
0.012379 0.011815 0.020122 0.070711 0.042932 0.030145 0.070711 0.066827 0.045302 
<LogVarVal> 35.635658
<State> 1
<NumMixes> 3
<Mixture> 0 <Weight> 0.166667
<Mean>
1232.916626 94.912125 -45.088047 104.251839 -4.601712 -54.477154 -147.822891 90.911339 1.560204 
<Inverted_Deviation>
0.070711 0.070711 0.070711 0.070711 0.070711 0.070711 0.070711 0.070711 0.070711 
<LogVarVal> 28.993713
<Mixture> 1 <Weight> 0.666667
<Mean>
1343.750000 54.505726 -35.201897 8.352336 37.853405 6.988162 26.311306 -8.458071 3.259014 
<Inverted_Deviation>
0.023845 0.013262 0.032499 0.018577 0.049791 0.016524 0.029948 0.028348 0.018563 
<LogVarVal> 38.783665
<Mixture> 2 <Weight> 0.166667
<Mean>
1297.583252 5.259927 -24.160858 83.232521 -68.136993 16.728786 -64.786369 65.402771 -25.087069 
<Inverted_Deviation>
0.070711 0.070711 0.070711 0.070711 0.070711 0.070711 0.070711 0.070711 0.070711 
<LogVarVal> 28.993713
<State> 2
<NumMixes> 3
<Mixture> 0 <Weight> 0.333333
<Mean>
1193.750000 67.267212 10.171128 -37.153404 -31.891586 -0.306511 133.177673 -86.577553 -19.346952 
<Inverted_Deviation>
0.016224 0.051316 0.044182 0.060434 0.069966 0.029049 0.015477 0.023792 0.032768 
<LogVarVal> 35.691570
<Mixture> 1 <Weight> 0.333333
<Mean>
1229.416626 8.821932 9.281384 173.764481 -126.220375 -16.395052 15.375958 28.584749 8.578445 
<Inverted_Deviation>
0.029771 0.059204 0.010787 0.013056 0.030777 0.010021 0.042593 0.033089 0.070711 
<LogVarVal> 37.657993
<Mixture> 2 <Weight> 0.333333
<Mean>
1069.666626 92.358276 17.664640 56.634174 51.285339 7.647762 -245.674377 30.814421 20.315647 
<Inverted_Deviation>
0.013034 0.027145 0.070711 0.023417 0.046395 0.070711 0.034404 0.032764 0.070711 
<LogVarVal> 34.658352
<State> 3
<NumMixes> 3
<Mixture> 0 <Weight> 0.333333
<Mean>
1119.625000 -8.406423 27.699207 -24.898384 12.670885 -2.691287 136.180740 80.851280 -17.169628 
<Inverted_Deviation>
0.070711 0.022631 0.070711 0.070711 0.070711 0.070711 0.018988 0.041496 0.023483 
<LogVarVal> 33.083096
<Mixture> 1 <Weight> 0.333333
<Mean>
1157.083252 42.165699 33.273678 166.660034 125.164444 -6.355404 2.621794 -10.366355 11.416237 
<Inverted_Deviation>
0.042211 0.016159 0.020681 0.013376 0.070711 0.011220 0.070711 0.070711 0.070711 
<LogVarVal> 35.721127
<Mixture> 2 <Weight> 0.333333
<Mean>
1017.333313 -48.758144 35.258133 22.993156 -21.193710 9.248653 -209.511353 -65.894173 17.222755 
<Inverted_Deviation>
0.028097 0.018186 0.070711 0.070711 0.070711 0.039535 0.020464 0.027993 0.070711 
<LogVarVal> 34.022625
<State> 4
<NumMixes> 3
<Mixture> 0 <Weight> 0.333333
<Mean>
1200.500000 -8.575548 -53.338905 24.833529 -24.776302 26.898607 -17.026787 -2.076677 -26.678175 
<Inverted_Deviation>
0.032141 0.044376 0.040439 0.027655 0.070711 0.021020 0.020866 0.070711 0.059186 
<LogVarVal> 34.357174
<Mixture> 1 <Weight> 0.500000
<Mean>
1203.083374 -70.007774 -15.523895 17.929295 -16.603445 13.704665 20.929911 8.630463 10.912001 
<Inverted_Deviation>
0.021535 0.034537 0.043234 0.024732 0.070711 0.033733 0.065219 0.070433 0.023381 
<LogVarVal> 34.373280
<Mixture> 2 <Weight> 0.166667
<Mean>
1142.166626 -96.547050 -21.418432 30.509304 18.928431 -30.766088 -88.496834 -72.214592 -23.708490 
<Inverted_Deviation>
0.070711 0.070711 0.070711 0.070711 0.070711 0.070711 0.070711 0.070711 0.070711 
<LogVarVal> 28.993713
<State> 5
<NumMixes> 3
<Mixture> 0 <Weight> 0.333333
<Mean>
647.458313 427.905823 59.392113 110.749504 27.660042 -110.766594 4.204834 -20.728268 -7.896821 
<Inverted_Deviation>
0.010304 0.040045 0.011160 0.070711 0.023250 0.066962 0.042482 0.070711 0.070711 
<LogVarVal> 35.010891
<Mixture> 1 <Weight> 0.333333
<Mean>
1135.166626 175.281052 -120.326614 114.866211 -99.297157 60.342079 5.220378 10.395749 -1.707932 
<Inverted_Deviation>
0.011624 0.013206 0.024862 0.070711 0.037640 0.070711 0.038084 0.064000 0.028944 
<LogVarVal> 35.764648
<Mixture> 2 <Weight> 0.333333
<Mean>
894.666626 390.803314 -142.419586 122.059830 -61.718227 -52.857918 -10.923530 -6.480770 29.693024 
<Inverted_Deviation>
0.017424 0.018197 0.025669 0.056078 0.020733 0.023141 0.070711 0.070711 0.070711 
<LogVarVal> 35.340782
<TransP>
-0.405465 -1.098612 -10000000000.000000 -10000000000.000000 -10000000000.000000 -10000000000.000000 
-10000000000.000000 -0.693147 -0.693147 -10000000000.000000 -10000000000.000000 -10000000000.000000 
-10000000000.000000 -10000000000.000000 -0.693147 -0.693147 -10000000000.000000 -10000000000.000000 
-10000000000.000000 -10000000000.000000 -10000000000.000000 -0.693147 -0.693147 -10000000000.000000 
-10000000000.000000 -10000000000.000000 -10000000000.000000 -10000000000.000000 -0.693147 -0.693147 
-10000000000.000000 -10000000000.000000 -10000000000.000000 -10000000000.000000 -10000000000.000000 0.000000 
<EndEmbeddedHMM>
<BeginEmbeddedHMM>
<NumStates> 3
<State> 0
<NumMixes> 3
<Mixture> 0 <Weight> 0.266667
<Mean>
851.479126 -330.962128 -102.591805 126.681038 16.240650 -43.454727 3.117814 17.784037 4.575108 
<Inverted_Deviation>
0.005275 0.010949 0.008895 0.025517 0.013360 0.011356 0.039382 0.039907 0.018712 
<LogVarVal> 42.528915
<Mixture> 1 <Weight> 0.333333
<Mean>
402.816650 -176.439575 121.254204 72.008423 -66.453888 23.399237 21.670969 -9.553960 -4.942894 
<Inverted_Deviation>
0.006742 0.004917 0.024354 0.015231 0.020895 0.022443 0.038973 0.039646 0.022488 
<LogVarVal> 41.297688
<Mixture> 2 <Weight> 0.400000
<Mean>
1099.069580 24.169605 -28.395254 67.249382 28.239658 9.402491 28.047028 -26.098969 4.673566 
<Inverted_Deviation>
0.010618 0.013139 0.024676 0.012925 0.013182 0.020264 0.023697 0.020224 0.030603 
<LogVarVal> 41.436924
<State> 1
<NumMixes> 3
<Mixture> 0 <Weight> 0.166667
<Mean>
971.583252 81.310257 -9.985092 -16.370998 -23.866734 5.222486 40.441792 -17.114697 -2.007664 
<Inverted_Deviation>
0.024523 0.070711 0.070711 0.025314 0.048495 0.070711 0.070711 0.017788 0.070711 
<LogVarVal> 32.837162
<Mixture> 1 <Weight> 0.333333
<Mean>
1043.104126 14.525702 13.375643 157.228531 16.648884 -2.319113 101.151604 12.293789 -5.666306 
<Inverted_Deviation>
0.027374 0.020338 0.054216 0.030808 0.054233 0.070711 0.045757 0.055332 0.070711 
<LogVarVal> 33.231060
<Mixture> 2 <Weight> 0.500000
<Mean>
945.722290 -24.541729 17.059040 -22.469526 8.099011 3.951385 36.250046 11.896673 -6.017832 
<Inverted_Deviation>
0.017871 0.016548 0.030414 0.029424 0.029748 0.025840 0.025506 0.022454 0.042175 
<LogVarVal> 38.097992
<State> 2
<NumMixes> 3
<Mixture> 0 <Weight> 0.416667
<Mean>
1012.900024 48.449013 -77.134888 97.891197 -85.481392 27.198334 8.090459 21.331146 23.401266 
<Inverted_Deviation>
0.009529 0.006550 0.009917 0.013444 0.011929 0.016505 0.025687 0.018265 0.017107 
<LogVarVal> 44.021362
<Mixture> 1 <Weight> 0.166667
<Mean>
251.333328 102.686356 105.000786 66.458199 79.851448 62.225948 30.894279 30.673771 10.377377 
<Inverted_Deviation>
0.016193 0.013756 0.020525 0.016949 0.016090 0.045773 0.044081 0.058727 0.070711 
<LogVarVal> 37.343739
<Mixture> 2 <Weight> 0.416667
<Mean>
591.383301 344.349640 21.641460 134.881500 51.330822 -66.041077 2.429188 -28.012318 -25.671598 
<Inverted_Deviation>
0.004995 0.013446 0.006299 0.020859 0.010623 0.012384 0.032503 0.029233 0.018848 
<LogVarVal> 43.563301
<TransP>
-0.223144 -1.609438 -10000000000.000000 
-10000000000.000000 -0.287682 -1.386294 
-10000000000.000000 -10000000000.000000 0.000000 
<EndEmbeddedHMM>
