<NumSuperStates> 5
<NumStates> 3 6 6 6 3 
<NumMixtures> 3 3 3 3 3 3 3 3 3 3 3 3 3 3 3 3 3 3 3 3 3 3 3 3 
<VecSize> 9
<BeginExternalHMM>
<NumStates> 5
<TransP>
-0.405465 -1.098612 -10000000000.000000 -10000000000.000000 -10000000000.000000 
-10000000000.000000 -0.405465 -1.098612 -10000000000.000000 -10000000000.000000 
-10000000000.000000 -10000000000.000000 -0.405465 -1.098612 -10000000000.000000 
-10000000000.000000 -10000000000.000000 -10000000000.000000 -0.405465 -1.098612 
-10000000000.000000 -10000000000.000000 -10000000000.000000 -10000000000.000000 0.000000 
<EndExternalHMM>
<BeginEmbeddedHMM>
<NumStates> 3
<State> 0
<NumMixes> 3
<Mixture> 0 <Weight> 0.266667
<Mean>
544.250000 -167.817200 39.331600 -52.654381 28.159729 2.289928 17.565649 8.842583 -2.137406 
<Inverted_Deviation>
0.011177 0.016035 0.070711 0.023945 0.012397 0.026156 0.019855 0.023843 0.038844 
<LogVarVal> 39.097008
<Mixture> 1 <Weight> 0.533333
<Mean>
385.750000 -5.039248 15.784360 18.865326 14.339945 -2.972141 11.157496 -2.287379 -3.432284 
<Inverted_Deviation>
0.030953 0.023500 0.037636 0.029927 0.038250 0.062931 0.070711 0.070711 0.065231 
<LogVarVal> 33.223579
<Mixture> 2 <Weight> 0.200000
<Mean>
674.750000 -66.279297 -122.563889 -89.435204 45.487713 -15.367712 7.708653 1.221190 24.293552 
<Inverted_Deviation>
0.008227 0.016169 0.028488 0.040758 0.031189 0.009144 0.022974 0.029037 0.023460 
<LogVarVal> 40.062016
<State> 1
<NumMixes> 3
<Mixture> 0 <Weight> 0.100000
<Mean>
794.250000 110.886116 -75.389992 -140.582321 112.530220 58.690334 51.029213 -15.265526 37.210251 
<Inverted_Deviation>
0.070711 0.070711 0.070711 0.070711 0.070711 0.070711 0.070711 0.070711 0.070711 
<LogVarVal> 28.993713
<Mixture> 1 <Weight> 0.400000
<Mean>
401.229156 41.316078 16.658213 -31.060671 -29.824596 -3.866575 32.822403 6.020056 1.414423 
<Inverted_Deviation>
0.028161 0.045160 0.070711 0.014572 0.067829 0.058552 0.034331 0.070711 0.054365 
<LogVarVal> 33.157940
<Mixture> 2 <Weight> 0.500000
<Mean>
568.333313 138.839645 20.113638 -126.516006 -43.099617 12.040983 32.988895 -17.197680 -17.488245 
<Inverted_Deviation>
0.009858 0.024796 0.033577 0.014770 0.020347 0.019256 0.020852 0.026558 0.050478 
<LogVarVal> 39.406673
<State> 2
<NumMixes> 3
<Mixture> 0 <Weight> 0.142857
<Mean>
360.750000 30.627428 0.117629 -48.680347 -31.561367 -0.098994 35.569118 22.844028 2.006570 
<Inverted_Deviation>
0.045377 0.070711 0.070711 0.034679 0.070711 0.070711 0.055591 0.070711 0.070711 
<LogVarVal> 30.390350
<Mixture> 1 <Weight> 0.571429
<Mean>
361.468750 -11.827911 -0.738288 26.484362 0.215398 -3.413585 4.138574 4.455505 -0.152411 
<Inverted_Deviation>
0.047054 0.061627 0.070711 0.070711 0.070711 0.070711 0.070711 0.070711 0.070711 
<LogVarVal> 29.538515
<Mixture> 2 <Weight> 0.285714
<Mean>
333.812500 4.273873 7.616756 6.979112 -10.328165 -2.537515 7.313233 0.229195 0.713515 
<Inverted_Deviation>
0.070711 0.070711 0.070332 0.070711 0.065582 0.070711 0.070711 0.070711 0.070711 
<LogVarVal> 29.074373
<TransP>
-0.223144 -1.609438 -10000000000.000000 
-10000000000.000000 -0.356675 -1.203973 
-10000000000.000000 -10000000000.000000 0.000000 
<EndEmbeddedHMM>
<BeginEmbeddedHMM>
<NumStates> 6
<State> 0
<NumMixes> 3
<Mixture> 0 <Weight> 0.333333
<Mean>
929.500000 -54.895107 -13.322342 -199.382126 -47.616943 -4.166442 -25.598768 -17.456978 -2.834721 
<Inverted_Deviation>
0.008380 0.020997 0.016918 0.041824 0.035983 0.070711 0.019490 0.070711 0.052126 
<LogVarVal> 36.565212
<Mixture> 1 <Weight> 0.444444
<Mean>
505.541656 -102.432152 4.994998 -140.685745 61.313377 20.403791 36.075798 7.899322 -19.976040 
<Inverted_Deviation>
0.009566 0.017950 0.044766 0.015554 0.016586 0.022939 0.055999 0.025536 0.047952 
<LogVarVal> 38.552517
<Mixture> 2 <Weight> 0.222222
<Mean>
716.583313 -183.481705 -53.870506 -208.397278 26.647667 56.727165 -7.613914 27.460022 30.077694 
<Inverted_Deviation>
0.047140 0.007821 0.070711 0.018771 0.013942 0.038011 0.014368 0.070711 0.070711 
<LogVarVal> 36.765228
<State> 1
<NumMixes> 3
<Mixture> 0 <Weight> 0.333333
<Mean>
1070.875000 -82.500671 15.036858 -69.280647 -42.359390 -15.670397 -13.294736 1.188929 17.153175 
<Inverted_Deviation>
0.019574 0.039970 0.070711 0.053569 0.070711 0.030505 0.057551 0.028695 0.070711 
<LogVarVal> 33.074715
<Mixture> 1 <Weight> 0.500000
<Mean>
849.888855 -128.723450 0.554636 -140.630768 -32.099731 -8.306835 -2.008421 6.152132 -11.761877 
<Inverted_Deviation>
0.008900 0.031847 0.038851 0.070711 0.070711 0.040662 0.049097 0.070711 0.021225 
<LogVarVal> 34.584244
<Mixture> 2 <Weight> 0.166667
<Mean>
1047.666626 -29.723633 9.251178 -109.171265 -67.505180 26.152086 -35.984985 10.611859 13.536056 
<Inverted_Deviation>
0.070711 0.070711 0.070711 0.070711 0.070711 0.070711 0.070711 0.070711 0.070711 
<LogVarVal> 28.993713
<State> 2
<NumMixes> 3
<Mixture> 0 <Weight> 0.500000
<Mean>
1142.000000 17.278971 -59.286694 -80.269310 37.552345 -23.526962 -45.713295 28.579405 -2.573095 
<Inverted_Deviation>
0.016201 0.012265 0.070711 0.015973 0.022165 0.030582 0.041556 0.052255 0.022238 
<LogVarVal> 37.695816
<Mixture> 1 <Weight> 0.333333
<Mean>
930.416626 75.869148 -58.235443 -215.280655 74.068954 13.980947 -21.393105 -1.681404 22.510227 
<Inverted_Deviation>
0.020060 0.009369 0.023601 0.025010 0.037080 0.012572 0.070711 0.020977 0.068910 
<LogVarVal> 38.025032
<Mixture> 2 <Weight> 0.166667
<Mean>
1188.166626 -78.873405 -20.179972 -7.950596 -7.108114 8.173266 -10.039848 -20.894741 -23.125744 
<Inverted_Deviation>
0.070711 0.070711 0.070711 0.070711 0.070711 0.070711 0.070711 0.070711 0.070711 
<LogVarVal> 28.993713
<State> 3
<NumMixes> 3
<Mixture> 0 <Weight> 0.333333
<Mean>
1038.791626 100.229492 5.256854 -180.984253 71.742264 6.814541 -62.186474 -26.863604 -7.317572 
<Inverted_Deviation>
0.026311 0.025864 0.023969 0.032975 0.030045 0.038754 0.070711 0.070711 0.070711 
<LogVarVal> 34.290012
<Mixture> 1 <Weight> 0.500000
<Mean>
733.833374 116.397629 7.792379 -246.628113 -30.710068 7.755788 8.345939 -25.350555 -1.837517 
<Inverted_Deviation>
0.006767 0.039158 0.026592 0.025408 0.033933 0.043503 0.039683 0.042736 0.043981 
<LogVarVal> 36.708851
<Mixture> 2 <Weight> 0.166667
<Mean>
1172.416626 81.752197 42.130489 -64.763557 66.723770 -11.750430 -43.439896 27.157293 39.175957 
<Inverted_Deviation>
0.070711 0.070711 0.070711 0.070711 0.070711 0.070711 0.070711 0.070711 0.070711 
<LogVarVal> 28.993713
<State> 4
<NumMixes> 3
<Mixture> 0 <Weight> 0.333333
<Mean>
860.833313 58.616356 -13.600330 -294.754517 43.989311 -27.042362 -10.768027 -21.692160 6.552724 
<Inverted_Deviation>
0.007610 0.070711 0.011861 0.020987 0.040482 0.066146 0.023411 0.045929 0.031640 
<LogVarVal> 37.188328
<Mixture> 1 <Weight> 0.500000
<Mean>
528.000000 72.597778 -19.971846 -182.874207 -30.479752 17.853327 58.505871 -16.937622 1.000657 
<Inverted_Deviation>
0.007679 0.070711 0.023268 0.011285 0.024384 0.022831 0.043868 0.032036 0.042031 
<LogVarVal> 38.144897
<Mixture> 2 <Weight> 0.166667
<Mean>
1036.416626 23.813747 53.131050 -238.581619 65.354630 25.690207 -51.737331 4.965364 -19.487604 
<Inverted_Deviation>
0.070711 0.070711 0.070711 0.070711 0.070711 0.070711 0.070711 0.070711 0.070711 
<LogVarVal> 28.993713
<State> 5
<NumMixes> 3
<Mixture> 0 <Weight> 0.333333
<Mean>
569.916626 186.679993 3.698858 -230.575760 -135.116013 40.145435 57.911369 -14.697317 -49.646843 
<Inverted_Deviation>
0.024811 0.016411 0.057849 0.042774 0.020036 0.070711 0.022943 0.070711 0.070711 
<LogVarVal> 34.591793
<Mixture> 1 <Weight> 0.500000
<Mean>
367.444427 45.750870 20.768299 -53.411209 -64.929428 -18.157019 38.633900 33.440308 5.994943 
<Inverted_Deviation>
0.022664 0.018658 0.058118 0.016348 0.018434 0.064926 0.024199 0.033182 0.070711 
<LogVarVal> 36.383072
<Mixture> 2 <Weight> 0.166667
<Mean>
844.583313 178.082809 -19.947327 -342.515045 8.558124 65.003159 1.900907 -67.019608 22.570938 
<Inverted_Deviation>
0.070711 0.070711 0.070711 0.070711 0.070711 0.070711 0.070711 0.070711 0.070711 
<LogVarVal> 28.993713
<TransP>
-0.405465 -1.098612 -10000000000.000000 -10000000000.000000 -10000000000.000000 -10000000000.000000 
-10000000000.000000 -0.693147 -0.693147 -10000000000.000000 -10000000000.000000 -10000000000.000000 
-10000000000.000000 -10000000000.000000 -0.693147 -0.693147 -10000000000.000000 -10000000000.000000 
-10000000000.000000 -10000000000.000000 -10000000000.000000 -0.693147 -0.693147 -10000000000.000000 
-10000000000.000000 -10000000000.000000 -10000000000.000000 -10000000000.000000 -0.693147 -0.693147 
-10000000000.000000 -10000000000.000000 -10000000000.000000 -10000000000.000000 -10000000000.000000 0.000000 
<EndEmbeddedHMM>
<BeginEmbeddedHMM>
<NumStates> 6
<State> 0
<NumMixes> 3
<Mixture> 0 <Weight> 0.444444
<Mean>
1180.062500 -12.637680 -40.297256 -29.019539 17.277124 15.978516 -28.580538 -11.426844 -0.233107 
<Inverted_Deviation>
0.016347 0.017407 0.026223 0.016820 0.041087 0.064728 0.034444 0.070711 0.070711 
<LogVarVal> 35.638546
<Mixture> 1 <Weight> 0.222222
<Mean>
1088.166626 -197.614563 -114.062378 72.417847 79.672897 33.654568 -15.184480 3.104509 5.093990 
<Inverted_Deviation>
0.018170 0.016688 0.049001 0.035367 0.070711 0.070711 0.052404 0.052396 0.042734 
<LogVarVal> 33.959003
<Mixture> 2 <Weight> 0.333333
<Mean>
799.861084 -367.546021 -38.678204 46.996288 12.498744 -56.694427 -21.136322 11.558403 12.390793 
<Inverted_Deviation>
0.015081 0.049742 0.012936 0.016071 0.026675 0.022007 0.028990 0.070711 0.036854 
<LogVarVal> 37.756149
<State> 1
<NumMixes> 3
<Mixture> 0 <Weight> 0.333333
<Mean>
1184.833252 -16.656345 55.802116 24.326021 -47.120892 38.988968 -30.630924 36.805908 -8.113218 
<Inverted_Deviation>
0.034768 0.027141 0.070711 0.013673 0.014437 0.070711 0.047488 0.070711 0.023138 
<LogVarVal> 35.408417
<Mixture> 1 <Weight> 0.500000
<Mean>
1168.111084 9.053598 22.903601 -39.725929 -6.551683 -22.416698 -2.141809 -25.376381 -0.909686 
<Inverted_Deviation>
0.031231 0.016234 0.023001 0.070711 0.022428 0.036719 0.067020 0.070711 0.047542 
<LogVarVal> 34.659576
<Mixture> 2 <Weight> 0.166667
<Mean>
1189.583252 62.674377 -9.281091 12.207367 -4.461968 25.340925 -24.691929 27.141747 -35.156830 
<Inverted_Deviation>
0.070711 0.070711 0.070711 0.070711 0.070711 0.070711 0.070711 0.070711 0.070711 
<LogVarVal> 28.993713
<State> 2
<NumMixes> 3
<Mixture> 0 <Weight> 0.333333
<Mean>
1150.250000 83.668015 -22.276272 82.101303 26.385769 -27.394615 -37.174782 -38.328613 10.067065 
<Inverted_Deviation>
0.012460 0.070711 0.032471 0.011464 0.014961 0.041933 0.030049 0.040158 0.070711 
<LogVarVal> 36.824589
<Mixture> 1 <Weight> 0.500000
<Mean>
1220.444458 -20.072552 -55.684364 -11.082251 -36.184891 16.080364 0.098949 19.621674 17.182316 
<Inverted_Deviation>
0.070711 0.012188 0.070711 0.069313 0.020894 0.025376 0.049751 0.070711 0.026116 
<LogVarVal> 34.363346
<Mixture> 2 <Weight> 0.166667
<Mean>
1131.333252 12.483835 -45.027596 137.625565 -76.207840 -68.493027 -77.027763 -2.366505 3.755181 
<Inverted_Deviation>
0.070711 0.070711 0.070711 0.070711 0.070711 0.070711 0.070711 0.070711 0.070711 
<LogVarVal> 28.993713
<State> 3
<NumMixes> 3
<Mixture> 0 <Weight> 0.333333
<Mean>
1180.166626 -117.597595 6.645512 28.577902 10.649526 -1.771118 1.558306 14.890145 -17.938858 
<Inverted_Deviation>
0.042855 0.045702 0.070247 0.070711 0.050800 0.023919 0.070711 0.024654 0.026461 
<LogVarVal> 33.388699
<Mixture> 1 <Weight> 0.500000
<Mean>
1184.444458 10.740658 47.456436 10.407719 36.061954 -20.443605 -19.975441 11.126739 -12.598858 
<Inverted_Deviation>
0.056865 0.023433 0.016319 0.020850 0.013309 0.026581 0.034047 0.070711 0.046099 
<LogVarVal> 36.810768
<Mixture> 2 <Weight> 0.166667
<Mean>
1089.666626 -31.349556 80.796890 76.203239 78.353661 30.420729 -17.693962 -59.442299 6.532477 
<Inverted_Deviation>
0.070711 0.070711 0.070711 0.070711 0.070711 0.070711 0.070711 0.070711 0.070711 
<LogVarVal> 28.993713
<State> 4
<NumMixes> 3
<Mixture> 0 <Weight> 0.333333
<Mean>
1282.583252 42.270271 -30.495358 42.741695 -18.094398 -9.902746 -13.950825 -10.575562 2.914770 
<Inverted_Deviation>
0.035640 0.060085 0.070711 0.044025 0.043874 0.070711 0.031558 0.070711 0.070711 
<LogVarVal> 31.599539
<Mixture> 1 <Weight> 0.333333
<Mean>
1222.833252 -7.585191 -24.240664 -128.603058 18.693211 13.986606 -73.234711 25.489506 -12.494389 
<Inverted_Deviation>
0.070711 0.023521 0.016518 0.030762 0.034457 0.016409 0.036948 0.040074 0.042641 
<LogVarVal> 36.283215
<Mixture> 2 <Weight> 0.333333
<Mean>
1268.916626 -58.246330 -45.197777 35.591393 -9.009262 16.777666 -7.561590 14.002557 15.140221 
<Inverted_Deviation>
0.059761 0.070711 0.070711 0.070711 0.036224 0.034678 0.021966 0.070711 0.070711 
<LogVarVal> 31.712393
<State> 5
<NumMixes> 3
<Mixture> 0 <Weight> 0.500000
<Mean>
826.166687 366.847778 -84.173576 -3.935707 -16.540241 11.210147 -46.880157 -16.063274 21.085289 
<Inverted_Deviation>
0.020362 0.037215 0.034100 0.006413 0.029732 0.013497 0.016755 0.018479 0.061371 
<LogVarVal> 39.456028
<Mixture> 1 <Weight> 0.166667
<Mean>
1113.166626 168.727890 -45.870735 -180.245789 60.205730 -17.308989 -121.005165 35.359055 35.510094 
<Inverted_Deviation>
0.070711 0.070711 0.070711 0.070711 0.070711 0.070711 0.070711 0.070711 0.070711 
<LogVarVal> 28.993713
<Mixture> 2 <Weight> 0.333333
<Mean>
1173.333252 139.103409 -51.538784 72.929642 -20.761425 15.895320 -19.361002 11.401548 -18.831009 
<Inverted_Deviation>
0.019416 0.059844 0.070711 0.031337 0.046599 0.027211 0.028308 0.070711 0.040709 
<LogVarVal> 34.106480
<TransP>
-0.405465 -1.098612 -10000000000.000000 -10000000000.000000 -10000000000.000000 -10000000000.000000 
-10000000000.000000 -0.693147 -0.693147 -10000000000.000000 -10000000000.000000 -10000000000.000000 
-10000000000.000000 -10000000000.000000 -0.693147 -0.693147 -10000000000.000000 -10000000000.000000 
-10000000000.000000 -10000000000.000000 -10000000000.000000 -0.693147 -0.693147 -10000000000.000000 
-10000000000.000000 -10000000000.000000 -10000000000.000000 -10000000000.000000 -0.693147 -0.693147 
-10000000000.000000 -10000000000.000000 -10000000000.000000 -10000000000.000000 -10000000000.000000 0.000000 
<EndEmbeddedHMM>
<BeginEmbeddedHMM>
<NumStates> 6
<State> 0
<NumMixes> 3
<Mixture> 0 <Weight> 0.333333
<Mean>
1076.944458 -124.746704 -90.642448 104.692772 64.902985 30.383163 -20.306248 -8.581238 3.985506 
<Inverted_Deviation>
0.007122 0.011202 0.023381 0.010687 0.070711 0.023947 0.027006 0.033397 0.017050 
<LogVarVal> 40.345688
<Mixture> 1 <Weight> 0.222222
<Mean>
880.250000 -334.833740 -104.898323 100.602303 32.742523 -47.671261 -3.262552 13.433582 18.961189 
<Inverted_Deviation>
0.012002 0.039232 0.024080 0.070711 0.047411 0.028080 0.070711 0.070711 0.070711 
<LogVarVal> 33.756836
<Mixture> 2 <Weight> 0.444444
<Mean>
571.562500 -256.679138 111.760048 101.351105 -82.610199 -33.508087 -9.499384 16.089346 -12.812871 
<Inverted_Deviation>
0.007689 0.007661 0.015008 0.025568 0.018839 0.010486 0.060145 0.070711 0.047602 
<LogVarVal> 39.790939
<State> 1
<NumMixes> 3
<Mixture> 0 <Weight> 0.333333
<Mean>
1122.208252 58.759529 -9.742991 32.455753 29.310780 -15.381454 -107.224075 37.383415 22.939445 
<Inverted_Deviation>
0.027237 0.054951 0.023233 0.056245 0.042255 0.060589 0.044427 0.022765 0.035444 
<LogVarVal> 34.499939
<Mixture> 1 <Weight> 0.333333
<Mean>
1189.250000 43.166878 -10.419720 -4.206690 -9.984625 26.157543 61.842781 -57.888451 9.961002 
<Inverted_Deviation>
0.034916 0.049402 0.043245 0.070711 0.022183 0.058707 0.026073 0.065223 0.031209 
<LogVarVal> 33.791351
<Mixture> 2 <Weight> 0.333333
<Mean>
1061.333252 37.742592 -9.353859 145.005096 -15.435953 -5.153643 32.694118 -12.770436 -27.494251 
<Inverted_Deviation>
0.046349 0.048914 0.021968 0.070711 0.070711 0.047592 0.070711 0.020413 0.067305 
<LogVarVal> 32.641342
<State> 2
<NumMixes> 3
<Mixture> 0 <Weight> 0.333333
<Mean>
1018.624939 20.445740 18.664661 -24.819557 16.696745 16.041901 -134.269775 -0.810853 -2.118617 
<Inverted_Deviation>
0.070711 0.029366 0.057999 0.070711 0.042706 0.070711 0.070711 0.070711 0.028803 
<LogVarVal> 31.473034
<Mixture> 1 <Weight> 0.333333
<Mean>
1093.791626 37.624317 9.977453 16.350910 13.655575 -21.442753 138.435638 2.748280 -28.626839 
<Inverted_Deviation>
0.034847 0.057427 0.070711 0.070711 0.030913 0.070711 0.070711 0.019675 0.070711 
<LogVarVal> 32.016079
<Mixture> 2 <Weight> 0.333333
<Mean>
996.374939 5.486610 4.437678 152.891144 8.513458 4.465182 30.034609 1.605756 4.129273 
<Inverted_Deviation>
0.070711 0.070711 0.070711 0.070711 0.070711 0.070711 0.070711 0.070711 0.038655 
<LogVarVal> 29.597631
<State> 3
<NumMixes> 3
<Mixture> 0 <Weight> 0.333333
<Mean>
1089.791626 -74.006821 -1.442293 11.591977 -39.591957 -2.173005 -78.219536 -44.776604 -0.722781 
<Inverted_Deviation>
0.018919 0.070711 0.028489 0.043962 0.070711 0.029374 0.029146 0.070711 0.056058 
<LogVarVal> 33.693439
<Mixture> 1 <Weight> 0.333333
<Mean>
1124.916626 -66.655670 18.859598 -11.764847 -3.757039 24.487453 45.467327 56.652031 19.737204 
<Inverted_Deviation>
0.020899 0.027927 0.030930 0.070711 0.025271 0.070711 0.026232 0.024336 0.031871 
<LogVarVal> 35.852570
<Mixture> 2 <Weight> 0.333333
<Mean>
1031.125000 -40.485493 11.042825 127.020752 19.720579 -9.819206 12.505926 11.983768 3.391239 
<Inverted_Deviation>
0.028913 0.041055 0.070711 0.055056 0.058413 0.070711 0.070711 0.070711 0.070711 
<LogVarVal> 30.872997
<State> 4
<NumMixes> 3
<Mixture> 0 <Weight> 0.333333
<Mean>
1108.166626 68.185333 -45.653931 67.309525 -18.585503 28.640890 -15.115595 6.448967 -2.027110 
<Inverted_Deviation>
0.017495 0.059346 0.054037 0.035985 0.061331 0.070711 0.070711 0.070711 0.049253 
<LogVarVal> 32.013924
<Mixture> 1 <Weight> 0.500000
<Mean>
1196.527710 7.068411 -26.197193 33.215973 -5.947684 -12.635229 -5.697559 -8.542174 -4.204540 
<Inverted_Deviation>
0.046029 0.020270 0.054011 0.057568 0.036395 0.070711 0.070711 0.066833 0.070711 
<LogVarVal> 31.868130
<Mixture> 2 <Weight> 0.166667
<Mean>
1099.000000 -37.017250 -26.102629 82.498177 34.567600 13.790535 -9.270725 12.352002 -7.734828 
<Inverted_Deviation>
0.070711 0.070711 0.070711 0.070711 0.070711 0.070711 0.070711 0.070711 0.070711 
<LogVarVal> 28.993713
<State> 5
<NumMixes> 3
<Mixture> 0 <Weight> 0.333333
<Mean>
549.416626 349.173096 79.157440 82.832870 44.191856 -44.591248 2.718696 -12.265642 -21.457396 
<Inverted_Deviation>
0.014809 0.027702 0.032558 0.070711 0.040505 0.023624 0.070711 0.070711 0.048131 
<LogVarVal> 34.307953
<Mixture> 1 <Weight> 0.333333
<Mean>
975.166626 241.655304 -117.797409 89.679115 -64.457207 26.536173 -1.363836 1.040164 11.125881 
<Inverted_Deviation>
0.013865 0.019392 0.055786 0.070711 0.070711 0.045532 0.070711 0.070711 0.070711 
<LogVarVal> 32.593945
<Mixture> 2 <Weight> 0.333333
<Mean>
754.666626 355.313293 -66.230026 90.591576 -10.803048 -55.533630 -1.238034 -20.722216 13.527481 
<Inverted_Deviation>
0.011968 0.020481 0.015483 0.070711 0.070711 0.060335 0.070711 0.056488 0.070711 
<LogVarVal> 33.911263
<TransP>
-0.405465 -1.098612 -10000000000.000000 -10000000000.000000 -10000000000.000000 -10000000000.000000 
-10000000000.000000 -0.693147 -0.693147 -10000000000.000000 -10000000000.000000 -10000000000.000000 
-10000000000.000000 -10000000000.000000 -0.693147 -0.693147 -10000000000.000000 -10000000000.000000 
-10000000000.000000 -10000000000.000000 -10000000000.000000 -0.693147 -0.693147 -10000000000.000000 
-10000000000.000000 -10000000000.000000 -10000000000.000000 -10000000000.000000 -0.693147 -0.693147 
-10000000000.000000 -10000000000.000000 -10000000000.000000 -10000000000.000000 -10000000000.000000 0.000000 
<EndEmbeddedHMM>
<BeginEmbeddedHMM>
<NumStates> 3
<State> 0
<NumMixes> 3
<Mixture> 0 <Weight> 0.266667
<Mean>
720.708313 -257.149445 -74.892960 107.472771 55.192970 -67.636963 11.349611 40.162121 10.090544 
<Inverted_Deviation>
0.008242 0.014274 0.011369 0.019535 0.011186 0.011796 0.065255 0.057178 0.014779 
<LogVarVal> 41.350178
<Mixture> 1 <Weight> 0.466667
<Mean>
429.476196 -21.205465 76.630547 3.261037 -108.347397 5.234102 32.136703 5.747317 6.746367 
<Inverted_Deviation>
0.010121 0.004166 0.012725 0.006671 0.013023 0.016475 0.028283 0.014306 0.014837 
<LogVarVal> 45.069717
<Mixture> 2 <Weight> 0.266667
<Mean>
939.583252 2.691156 -31.955570 27.410162 59.243553 37.103386 8.725960 -24.448711 0.958827 
<Inverted_Deviation>
0.070711 0.017760 0.019698 0.014175 0.013766 0.025717 0.017005 0.021667 0.049558 
<LogVarVal> 38.871784
<State> 1
<NumMixes> 3
<Mixture> 0 <Weight> 0.166667
<Mean>
952.916626 -47.925629 10.344309 -35.926197 5.877003 -2.412061 40.765190 20.384052 -23.614685 
<Inverted_Deviation>
0.016736 0.048353 0.070711 0.011852 0.055354 0.049411 0.021058 0.043960 0.070711 
<LogVarVal> 34.890751
<Mixture> 1 <Weight> 0.333333
<Mean>
927.416626 -4.568610 2.724424 32.965759 -4.433263 -9.593452 52.921104 -16.145535 6.799131 
<Inverted_Deviation>
0.019288 0.022555 0.060542 0.070711 0.037531 0.067015 0.013321 0.024947 0.037206 
<LogVarVal> 35.631035
<Mixture> 2 <Weight> 0.500000
<Mean>
956.888855 -12.126175 1.604595 -52.729607 -17.682558 18.017769 -35.683739 7.084230 3.357683 
<Inverted_Deviation>
0.028763 0.027665 0.042025 0.022683 0.017145 0.045511 0.027384 0.035658 0.070711 
<LogVarVal> 35.979691
<State> 2
<NumMixes> 3
<Mixture> 0 <Weight> 0.250000
<Mean>
981.638855 24.154736 -23.576979 33.497307 -33.874905 -15.122076 9.024572 -9.659678 -1.162678 
<Inverted_Deviation>
0.020439 0.023753 0.057436 0.038914 0.014655 0.028184 0.045253 0.015120 0.025445 
<LogVarVal> 37.635551
<Mixture> 1 <Weight> 0.500000
<Mean>
523.125000 255.439880 24.769491 32.818199 31.390930 -8.499369 13.906703 2.694819 0.938595 
<Inverted_Deviation>
0.005442 0.017035 0.008733 0.020838 0.048541 0.031730 0.070711 0.050575 0.042970 
<LogVarVal> 38.305527
<Mixture> 2 <Weight> 0.250000
<Mean>
892.666687 122.178177 -55.335354 64.479172 -12.476894 3.780837 14.004291 -0.249581 -6.753507 
<Inverted_Deviation>
0.011524 0.060709 0.070711 0.029416 0.049911 0.019339 0.070711 0.046537 0.022914 
<LogVarVal> 35.027477
<TransP>
-0.223144 -1.609438 -10000000000.000000 
-10000000000.000000 -0.287682 -1.386294 
-10000000000.000000 -10000000000.000000 0.000000 
<EndEmbeddedHMM>
