<NumSuperStates> 5
<NumStates> 3 6 6 6 3 
<NumMixtures> 3 3 3 3 3 3 3 3 3 3 3 3 3 3 3 3 3 3 3 3 3 3 3 3 
<VecSize> 9
<BeginExternalHMM>
<NumStates> 5
<TransP>
-0.405465 -1.098612 -10000000000.000000 -10000000000.000000 -10000000000.000000 
-10000000000.000000 -0.405465 -1.098612 -10000000000.000000 -10000000000.000000 
-10000000000.000000 -10000000000.000000 -0.405465 -1.098612 -10000000000.000000 
-10000000000.000000 -10000000000.000000 -10000000000.000000 -0.405465 -1.098612 
-10000000000.000000 -10000000000.000000 -10000000000.000000 -10000000000.000000 0.000000 
<EndExternalHMM>
<BeginEmbeddedHMM>
<NumStates> 3
<State> 0
<NumMixes> 3
<Mixture> 0 <Weight> 0.200000
<Mean>
622.000000 26.809896 -26.612389 -77.416046 17.385761 -13.964193 -80.636742 -26.469517 19.841612 
<Inverted_Deviation>
0.020962 0.012500 0.025065 0.031395 0.028827 0.030990 0.025024 0.012340 0.025187 
<LogVarVal> 39.330547
<Mixture> 1 <Weight> 0.466667
<Mean>
394.595245 17.568390 25.421831 -76.067894 -16.881418 -5.945635 24.834908 6.191753 -8.073382 
<Inverted_Deviation>
0.016547 0.018089 0.014312 0.020984 0.017539 0.021738 0.028882 0.021707 0.026575 
<LogVarVal> 40.250301
<Mixture> 2 <Weight> 0.333333
<Mean>
553.950012 -36.227001 21.037720 -155.886475 30.793818 28.361517 25.562914 -2.330482 -1.349358 
<Inverted_Deviation>
0.024152 0.014150 0.014226 0.012532 0.009557 0.026939 0.022108 0.011794 0.028614 
<LogVarVal> 41.835285
<State> 1
<NumMixes> 3
<Mixture> 0 <Weight> 0.363636
<Mean>
518.270813 -77.136604 -45.817589 -93.884949 31.236933 -3.379394 0.949066 9.402575 14.852695 
<Inverted_Deviation>
0.008105 0.008495 0.013018 0.018540 0.010751 0.013813 0.011101 0.016115 0.011559 
<LogVarVal> 44.967968
<Mixture> 1 <Weight> 0.454545
<Mean>
367.649994 100.243256 9.378932 -106.348221 -42.790447 23.309582 8.488300 -26.231720 -14.796183 
<Inverted_Deviation>
0.013546 0.019533 0.012854 0.044031 0.019512 0.017308 0.024277 0.018932 0.047851 
<LogVarVal> 39.583733
<Mixture> 2 <Weight> 0.181818
<Mean>
615.291626 120.752937 -43.910706 -120.112274 2.102044 -27.981743 54.217190 62.438290 6.698049 
<Inverted_Deviation>
0.016271 0.011736 0.007545 0.057397 0.021869 0.015226 0.017518 0.049855 0.070711 
<LogVarVal> 39.159168
<State> 2
<NumMixes> 3
<Mixture> 0 <Weight> 0.076923
<Mean>
299.916656 66.818504 15.757742 -63.322510 -52.140068 -2.126499 -19.635147 -26.388515 5.534081 
<Inverted_Deviation>
0.070711 0.070711 0.070711 0.070711 0.070711 0.070711 0.070711 0.070711 0.070711 
<LogVarVal> 28.993713
<Mixture> 1 <Weight> 0.538462
<Mean>
266.023804 -22.485998 9.134295 18.240547 1.231435 1.339250 6.608981 1.894045 1.250824 
<Inverted_Deviation>
0.040840 0.036983 0.046844 0.067478 0.061058 0.062231 0.070711 0.070711 0.070711 
<LogVarVal> 30.923853
<Mixture> 2 <Weight> 0.384615
<Mean>
243.683334 7.059290 10.383192 -11.142918 -26.949741 -12.147178 16.707861 10.344627 -1.303985 
<Inverted_Deviation>
0.070711 0.060979 0.070711 0.042116 0.043129 0.070711 0.052170 0.044680 0.070711 
<LogVarVal> 30.917494
<TransP>
-0.223144 -1.609438 -10000000000.000000 
-10000000000.000000 -0.318454 -1.299283 
-10000000000.000000 -10000000000.000000 0.000000 
<EndEmbeddedHMM>
<BeginEmbeddedHMM>
<NumStates> 6
<State> 0
<NumMixes> 3
<Mixture> 0 <Weight> 0.333333
<Mean>
1048.611084 66.967438 -7.772050 -381.959900 -30.111984 13.123728 -19.591415 -36.065643 1.585985 
<Inverted_Deviation>
0.010730 0.022395 0.016549 0.023942 0.032518 0.036853 0.019640 0.033520 0.022874 
<LogVarVal> 39.148781
<Mixture> 1 <Weight> 0.333333
<Mean>
807.277771 15.644058 -16.665701 -131.246582 -80.599426 -14.505230 151.565491 13.183668 -14.956176 
<Inverted_Deviation>
0.037912 0.016392 0.070711 0.008824 0.009059 0.010394 0.042785 0.018674 0.045447 
<LogVarVal> 39.408180
<Mixture> 2 <Weight> 0.333333
<Mean>
1307.083374 76.111656 -26.597897 -152.082993 35.115410 18.715366 -158.367523 -9.329273 -4.216702 
<Inverted_Deviation>
0.009324 0.014987 0.013964 0.018710 0.013563 0.024094 0.066277 0.070711 0.064105 
<LogVarVal> 38.413456
<State> 1
<NumMixes> 3
<Mixture> 0 <Weight> 0.333333
<Mean>
1225.541626 -189.536835 41.017166 -187.087936 -11.348824 -0.461366 -61.396919 0.180447 -2.465010 
<Inverted_Deviation>
0.006941 0.056483 0.070711 0.008664 0.070711 0.070711 0.034474 0.012075 0.047691 
<LogVarVal> 36.518650
<Mixture> 1 <Weight> 0.500000
<Mean>
846.388855 -52.471924 36.415676 -233.793457 80.321655 -4.674249 35.951420 39.114227 -4.064120 
<Inverted_Deviation>
0.007555 0.015750 0.070711 0.009002 0.008764 0.068136 0.024291 0.070711 0.067630 
<LogVarVal> 38.031120
<Mixture> 2 <Weight> 0.166667
<Mean>
1192.333252 -40.024868 75.387253 -157.520096 -53.053825 -40.006733 -115.801422 -32.387341 34.839844 
<Inverted_Deviation>
0.070711 0.070711 0.070711 0.070711 0.070711 0.070711 0.070711 0.070711 0.070711 
<LogVarVal> 28.993713
<State> 2
<NumMixes> 3
<Mixture> 0 <Weight> 0.333333
<Mean>
1191.250000 218.278122 22.289358 -117.315964 -24.504435 -37.779930 -53.099777 -10.249466 -2.372302 
<Inverted_Deviation>
0.010186 0.035448 0.029900 0.010029 0.063338 0.070711 0.070711 0.033710 0.070711 
<LogVarVal> 35.286530
<Mixture> 1 <Weight> 0.500000
<Mean>
976.472168 13.081654 -91.613914 -262.236084 -70.997162 28.075829 -16.421686 -6.028831 13.071081 
<Inverted_Deviation>
0.004981 0.009486 0.017355 0.020652 0.023960 0.010097 0.021055 0.070711 0.038247 
<LogVarVal> 41.145412
<Mixture> 2 <Weight> 0.166667
<Mean>
1348.583252 46.868011 -189.574814 -71.588943 -39.566921 16.614725 -46.392460 -2.259964 -13.193748 
<Inverted_Deviation>
0.070711 0.070711 0.070711 0.070711 0.070711 0.070711 0.070711 0.070711 0.070711 
<LogVarVal> 28.993713
<State> 3
<NumMixes> 3
<Mixture> 0 <Weight> 0.333333
<Mean>
859.999939 107.721252 27.452814 -209.210999 46.774673 -5.798135 17.477240 -43.022072 -8.465596 
<Inverted_Deviation>
0.011006 0.023813 0.053577 0.024343 0.070711 0.070711 0.049594 0.070711 0.023980 
<LogVarVal> 34.722157
<Mixture> 1 <Weight> 0.333333
<Mean>
647.708313 133.647858 21.115604 -149.598907 -20.240845 -9.784976 20.900185 -0.874082 6.457532 
<Inverted_Deviation>
0.008807 0.029907 0.070711 0.070711 0.070711 0.040991 0.070711 0.070711 0.054610 
<LogVarVal> 32.740913
<Mixture> 2 <Weight> 0.333333
<Mean>
1041.958252 37.191284 30.524469 -128.173370 82.439590 5.167779 -58.908669 -0.444070 3.151309 
<Inverted_Deviation>
0.027864 0.021215 0.027543 0.019932 0.070711 0.020246 0.070711 0.070711 0.070711 
<LogVarVal> 34.588623
<State> 4
<NumMixes> 3
<Mixture> 0 <Weight> 0.333333
<Mean>
696.375000 39.177814 2.207540 -332.698273 48.715416 7.453475 61.465294 -0.589408 8.093882 
<Inverted_Deviation>
0.028523 0.070711 0.070711 0.029106 0.046466 0.047081 0.070711 0.070711 0.070711 
<LogVarVal> 31.615847
<Mixture> 1 <Weight> 0.333333
<Mean>
413.583313 67.225128 10.847571 -142.439545 7.233969 13.725334 64.938370 -29.429043 -4.684909 
<Inverted_Deviation>
0.018366 0.041743 0.070711 0.070711 0.042292 0.070711 0.049869 0.070711 0.062139 
<LogVarVal> 31.861279
<Mixture> 2 <Weight> 0.333333
<Mean>
994.625000 21.351128 -9.415653 -242.124512 16.478109 1.660494 -100.223999 39.873833 -8.937980 
<Inverted_Deviation>
0.053538 0.049384 0.070711 0.070711 0.070711 0.070711 0.043904 0.070711 0.029831 
<LogVarVal> 30.970530
<State> 5
<NumMixes> 3
<Mixture> 0 <Weight> 0.500000
<Mean>
619.000000 133.584991 -47.778500 -276.117920 -86.910141 59.949352 17.656067 -25.448242 -2.705005 
<Inverted_Deviation>
0.008180 0.009119 0.017968 0.010255 0.013494 0.022375 0.007817 0.020450 0.018615 
<LogVarVal> 44.084064
<Mixture> 1 <Weight> 0.333333
<Mean>
319.916656 15.298256 8.430897 -91.230331 -49.065025 0.345713 65.516014 29.917484 -8.700239 
<Inverted_Deviation>
0.070711 0.065444 0.070711 0.026937 0.070711 0.070711 0.047897 0.070711 0.070711 
<LogVarVal> 30.425749
<Mixture> 2 <Weight> 0.166667
<Mean>
935.833313 52.071541 -4.960288 -287.416046 35.791248 -19.679962 -148.912796 5.825368 18.018108 
<Inverted_Deviation>
0.070711 0.070711 0.070711 0.070711 0.070711 0.070711 0.070711 0.070711 0.070711 
<LogVarVal> 28.993713
<TransP>
-0.405465 -1.098612 -10000000000.000000 -10000000000.000000 -10000000000.000000 -10000000000.000000 
-10000000000.000000 -0.693147 -0.693147 -10000000000.000000 -10000000000.000000 -10000000000.000000 
-10000000000.000000 -10000000000.000000 -0.693147 -0.693147 -10000000000.000000 -10000000000.000000 
-10000000000.000000 -10000000000.000000 -10000000000.000000 -0.693147 -0.693147 -10000000000.000000 
-10000000000.000000 -10000000000.000000 -10000000000.000000 -10000000000.000000 -0.693147 -0.693147 
-10000000000.000000 -10000000000.000000 -10000000000.000000 -10000000000.000000 -10000000000.000000 0.000000 
<EndEmbeddedHMM>
<BeginEmbeddedHMM>
<NumStates> 6
<State> 0
<NumMixes> 3
<Mixture> 0 <Weight> 0.333333
<Mean>
1142.888916 69.614929 -12.624306 85.881523 36.284966 -7.799476 32.904182 -10.302893 -2.147329 
<Inverted_Deviation>
0.022844 0.015603 0.030503 0.020361 0.025040 0.027353 0.022994 0.028428 0.019305 
<LogVarVal> 39.041229
<Mixture> 1 <Weight> 0.444444
<Mean>
1343.104126 33.442440 -44.732510 125.271927 32.229637 12.791610 -22.350384 -3.811421 13.237512 
<Inverted_Deviation>
0.012173 0.009095 0.018256 0.021163 0.018188 0.045351 0.053714 0.035250 0.024678 
<LogVarVal> 39.190125
<Mixture> 2 <Weight> 0.222222
<Mean>
1077.750000 -213.780548 -125.126144 177.056458 51.551224 18.744057 17.577429 17.769066 -1.276602 
<Inverted_Deviation>
0.007359 0.022503 0.044736 0.028207 0.028456 0.070711 0.028656 0.070711 0.063912 
<LogVarVal> 35.692673
<State> 1
<NumMixes> 3
<Mixture> 0 <Weight> 0.333333
<Mean>
1107.791626 -70.004250 2.466496 230.635895 -130.600479 -52.489269 32.416100 10.964272 17.351734 
<Inverted_Deviation>
0.009218 0.010755 0.070711 0.016386 0.030680 0.027939 0.003788 0.015536 0.008751 
<LogVarVal> 42.671776
<Mixture> 1 <Weight> 0.500000
<Mean>
1279.305542 -78.272255 60.690353 85.859207 8.218677 30.263000 -42.991802 44.948849 -34.707134 
<Inverted_Deviation>
0.006337 0.009203 0.013330 0.009202 0.011415 0.013516 0.022305 0.010010 0.070711 
<LogVarVal> 43.739986
<Mixture> 2 <Weight> 0.166667
<Mean>
1047.500000 29.949722 11.507748 89.039780 -107.565880 100.208336 160.211411 -113.273010 12.141936 
<Inverted_Deviation>
0.070711 0.070711 0.070711 0.070711 0.070711 0.070711 0.070711 0.070711 0.070711 
<LogVarVal> 28.993713
<State> 2
<NumMixes> 3
<Mixture> 0 <Weight> 0.333333
<Mean>
1021.583313 109.089691 46.025864 181.595993 130.376373 9.633773 29.492062 -3.921171 1.543560 
<Inverted_Deviation>
0.010809 0.011778 0.047200 0.015677 0.047653 0.070711 0.005124 0.012387 0.026832 
<LogVarVal> 40.305252
<Mixture> 1 <Weight> 0.500000
<Mean>
1281.361084 142.894608 -81.329155 118.417137 -4.224275 -27.166321 -78.722992 -26.579323 -0.724751 
<Inverted_Deviation>
0.007360 0.009848 0.007285 0.005276 0.019866 0.026408 0.008708 0.030638 0.021144 
<LogVarVal> 44.488098
<Mixture> 2 <Weight> 0.166667
<Mean>
984.000000 48.433102 -41.653255 237.883179 70.528908 -66.817032 244.535004 41.752041 18.591879 
<Inverted_Deviation>
0.070711 0.070711 0.070711 0.070711 0.070711 0.070711 0.070711 0.070711 0.070711 
<LogVarVal> 28.993713
<State> 3
<NumMixes> 3
<Mixture> 0 <Weight> 0.333333
<Mean>
1057.250000 -98.979187 4.799320 65.014458 -15.057832 -16.890862 9.077429 22.917391 -13.192359 
<Inverted_Deviation>
0.024245 0.047221 0.070711 0.045248 0.018757 0.050636 0.022778 0.034706 0.070711 
<LogVarVal> 34.419674
<Mixture> 1 <Weight> 0.500000
<Mean>
1083.555542 -33.646317 46.101971 54.604332 36.609871 5.546266 -43.060394 3.127728 -5.254041 
<Inverted_Deviation>
0.013006 0.019900 0.016422 0.011259 0.070711 0.030186 0.046466 0.017322 0.027940 
<LogVarVal> 38.858356
<Mixture> 2 <Weight> 0.166667
<Mean>
948.749939 -47.301228 26.276878 49.049351 22.753078 59.679993 117.205109 56.935112 22.892893 
<Inverted_Deviation>
0.070711 0.070711 0.070711 0.070711 0.070711 0.070711 0.070711 0.070711 0.070711 
<LogVarVal> 28.993713
<State> 4
<NumMixes> 3
<Mixture> 0 <Weight> 0.333333
<Mean>
1158.750000 28.984728 -29.448723 44.359848 19.395834 11.768709 -15.105232 -11.443142 4.169150 
<Inverted_Deviation>
0.026189 0.059664 0.070711 0.029219 0.045940 0.070711 0.070711 0.070711 0.070711 
<LogVarVal> 31.471869
<Mixture> 1 <Weight> 0.500000
<Mean>
1181.722168 -15.079666 -23.980766 -4.538219 10.438349 13.085012 -32.787281 -15.200882 1.924572 
<Inverted_Deviation>
0.070711 0.023116 0.064702 0.018017 0.022639 0.070711 0.052437 0.070711 0.070711 
<LogVarVal> 33.005772
<Mixture> 2 <Weight> 0.166667
<Mean>
1108.250000 -63.665180 -23.892891 79.898796 -1.169700 -29.320574 2.612232 39.214893 22.527666 
<Inverted_Deviation>
0.070711 0.070711 0.070711 0.070711 0.070711 0.070711 0.070711 0.070711 0.070711 
<LogVarVal> 28.993713
<State> 5
<NumMixes> 3
<Mixture> 0 <Weight> 0.333333
<Mean>
715.541626 356.944763 -32.224033 116.003830 -24.009190 -88.097397 -2.022623 -2.983082 0.689690 
<Inverted_Deviation>
0.011367 0.070303 0.013832 0.070711 0.070711 0.070711 0.041094 0.065581 0.070711 
<LogVarVal> 33.077042
<Mixture> 1 <Weight> 0.333333
<Mean>
1110.375000 98.843430 -33.916687 49.183697 -72.409073 38.609478 -34.172085 26.852989 -23.074516 
<Inverted_Deviation>
0.027418 0.019098 0.041695 0.016401 0.019611 0.025160 0.037086 0.037631 0.035450 
<LogVarVal> 37.522003
<Mixture> 2 <Weight> 0.333333
<Mean>
909.125000 276.038025 -131.137100 70.887856 -44.437885 19.117403 -24.550291 -11.072554 30.158436 
<Inverted_Deviation>
0.012674 0.015477 0.070711 0.014972 0.023426 0.016277 0.029153 0.042333 0.030369 
<LogVarVal> 38.602249
<TransP>
-0.405465 -1.098612 -10000000000.000000 -10000000000.000000 -10000000000.000000 -10000000000.000000 
-10000000000.000000 -0.693147 -0.693147 -10000000000.000000 -10000000000.000000 -10000000000.000000 
-10000000000.000000 -10000000000.000000 -0.693147 -0.693147 -10000000000.000000 -10000000000.000000 
-10000000000.000000 -10000000000.000000 -10000000000.000000 -0.693147 -0.693147 -10000000000.000000 
-10000000000.000000 -10000000000.000000 -10000000000.000000 -10000000000.000000 -0.693147 -0.693147 
-10000000000.000000 -10000000000.000000 -10000000000.000000 -10000000000.000000 -10000000000.000000 0.000000 
<EndEmbeddedHMM>
<BeginEmbeddedHMM>
<NumStates> 6
<State> 0
<NumMixes> 3
<Mixture> 0 <Weight> 0.222222
<Mean>
780.500000 -305.244781 -124.923523 86.075966 36.235386 -32.676830 0.846180 -3.523849 21.561455 
<Inverted_Deviation>
0.013708 0.038811 0.037407 0.070711 0.070711 0.019698 0.070711 0.070711 0.070711 
<LogVarVal> 33.149036
<Mixture> 1 <Weight> 0.666667
<Mean>
1006.930542 5.038646 -28.289328 30.211525 -11.081411 8.680263 17.609516 12.468683 5.288640 
<Inverted_Deviation>
0.019579 0.018552 0.017179 0.012818 0.011702 0.016150 0.012936 0.014134 0.016420 
<LogVarVal> 42.782768
<Mixture> 2 <Weight> 0.111111
<Mean>
847.083313 -226.749298 -82.270164 -186.707397 -152.402679 -21.293774 190.988266 139.319031 -23.683973 
<Inverted_Deviation>
0.070711 0.070711 0.070711 0.070711 0.070711 0.070711 0.070711 0.070711 0.070711 
<LogVarVal> 28.993713
<State> 1
<NumMixes> 3
<Mixture> 0 <Weight> 0.333333
<Mean>
914.166626 67.094193 -9.379173 135.104340 19.651985 -18.863003 -126.035751 59.668686 10.902587 
<Inverted_Deviation>
0.020951 0.050521 0.039342 0.070711 0.021973 0.014672 0.020560 0.044561 0.066859 
<LogVarVal> 35.627060
<Mixture> 1 <Weight> 0.333333
<Mean>
969.666626 70.654030 -1.180035 -124.345917 45.116310 31.171181 -8.564367 -49.615055 15.144308 
<Inverted_Deviation>
0.027550 0.070711 0.015491 0.030287 0.014856 0.058930 0.031469 0.027150 0.024049 
<LogVarVal> 36.890247
<Mixture> 2 <Weight> 0.333333
<Mean>
876.750000 42.105030 5.162072 84.385193 -27.437702 -16.501829 151.232559 -14.158018 -17.803894 
<Inverted_Deviation>
0.027462 0.070711 0.070711 0.040995 0.033492 0.070711 0.043862 0.022807 0.031772 
<LogVarVal> 33.641045
<State> 2
<NumMixes> 3
<Mixture> 0 <Weight> 0.333333
<Mean>
829.833313 -11.163725 22.947327 122.833832 -22.475742 -0.560216 -176.277802 -17.357365 10.198744 
<Inverted_Deviation>
0.070711 0.022401 0.064934 0.070711 0.070711 0.049816 0.070711 0.040872 0.070711 
<LogVarVal> 31.126816
<Mixture> 1 <Weight> 0.333333
<Mean>
891.791626 -12.201913 10.019417 -144.429031 -11.694159 -5.591491 37.161133 28.207262 -15.547621 
<Inverted_Deviation>
0.052541 0.043767 0.065440 0.037659 0.070711 0.022994 0.070711 0.030258 0.029247 
<LogVarVal> 33.332928
<Mixture> 2 <Weight> 0.333333
<Mean>
808.875000 12.387213 15.732136 104.724670 2.682791 -0.236310 155.575668 0.077764 -2.548637 
<Inverted_Deviation>
0.070711 0.034794 0.070224 0.070711 0.070711 0.057849 0.070711 0.070711 0.070711 
<LogVarVal> 29.910513
<State> 3
<NumMixes> 3
<Mixture> 0 <Weight> 0.333333
<Mean>
905.083313 -41.921432 -3.872014 100.628769 47.875801 -9.137481 -81.810165 -58.083061 3.784080 
<Inverted_Deviation>
0.028284 0.070711 0.070711 0.031150 0.056502 0.042567 0.020962 0.070711 0.070711 
<LogVarVal> 32.677490
<Mixture> 1 <Weight> 0.333333
<Mean>
961.833313 -37.058708 -0.984763 -48.925770 -68.287529 10.672463 -2.131863 -4.782359 10.851254 
<Inverted_Deviation>
0.025713 0.070711 0.054950 0.016145 0.070711 0.070711 0.070711 0.049227 0.070711 
<LogVarVal> 32.096638
<Mixture> 2 <Weight> 0.333333
<Mean>
874.625000 -61.078007 -2.517433 49.084473 40.539848 0.383742 102.370018 49.359276 -9.851656 
<Inverted_Deviation>
0.022242 0.070711 0.045133 0.033252 0.070711 0.054295 0.026038 0.060533 0.070711 
<LogVarVal> 32.772408
<State> 4
<NumMixes> 3
<Mixture> 0 <Weight> 0.333333
<Mean>
921.916626 84.765320 -105.380081 55.981369 -77.375504 64.438568 31.053867 -12.782064 -3.437793 
<Inverted_Deviation>
0.027284 0.020831 0.025718 0.024812 0.067422 0.070711 0.017069 0.012325 0.025365 
<LogVarVal> 37.468056
<Mixture> 1 <Weight> 0.500000
<Mean>
1018.750000 -27.823828 -12.054396 58.382992 -5.761853 -3.963628 5.374394 -3.320172 -16.261929 
<Inverted_Deviation>
0.020767 0.032448 0.037431 0.039310 0.023806 0.029124 0.070711 0.027959 0.070711 
<LogVarVal> 35.124607
<Mixture> 2 <Weight> 0.166667
<Mean>
973.916626 -44.926010 10.285488 -19.314056 29.538897 -10.143515 45.532417 11.799289 43.366341 
<Inverted_Deviation>
0.070711 0.070711 0.070711 0.070711 0.070711 0.070711 0.070711 0.070711 0.070711 
<LogVarVal> 28.993713
<State> 5
<NumMixes> 3
<Mixture> 0 <Weight> 0.500000
<Mean>
463.527771 267.180908 135.353729 41.317574 79.972412 -11.846931 46.602184 -12.724063 -21.241985 
<Inverted_Deviation>
0.014325 0.008921 0.035041 0.011355 0.019229 0.012590 0.010440 0.049766 0.067007 
<LogVarVal> 40.537445
<Mixture> 1 <Weight> 0.333333
<Mean>
767.500000 316.208466 -140.651611 107.543190 -30.658081 -34.138962 2.006276 -4.374609 35.997139 
<Inverted_Deviation>
0.010935 0.042291 0.032539 0.070711 0.070711 0.014115 0.070711 0.070711 0.070711 
<LogVarVal> 33.761921
<Mixture> 2 <Weight> 0.166667
<Mean>
665.833313 324.114960 -22.335663 -13.683255 28.854845 -107.382080 113.671829 -40.334503 -31.501331 
<Inverted_Deviation>
0.070711 0.070711 0.070711 0.070711 0.070711 0.070711 0.070711 0.070711 0.070711 
<LogVarVal> 28.993713
<TransP>
-0.405465 -1.098612 -10000000000.000000 -10000000000.000000 -10000000000.000000 -10000000000.000000 
-10000000000.000000 -0.693147 -0.693147 -10000000000.000000 -10000000000.000000 -10000000000.000000 
-10000000000.000000 -10000000000.000000 -0.693147 -0.693147 -10000000000.000000 -10000000000.000000 
-10000000000.000000 -10000000000.000000 -10000000000.000000 -0.693147 -0.693147 -10000000000.000000 
-10000000000.000000 -10000000000.000000 -10000000000.000000 -10000000000.000000 -0.693147 -0.693147 
-10000000000.000000 -10000000000.000000 -10000000000.000000 -10000000000.000000 -10000000000.000000 0.000000 
<EndEmbeddedHMM>
<BeginEmbeddedHMM>
<NumStates> 3
<State> 0
<NumMixes> 3
<Mixture> 0 <Weight> 0.538462
<Mean>
1053.904663 49.483585 10.092961 2.418439 22.966364 -2.960737 -36.138000 16.713125 -0.910600 
<Inverted_Deviation>
0.013881 0.013731 0.017499 0.009438 0.015304 0.024221 0.025981 0.023093 0.032436 
<LogVarVal> 41.172546
<Mixture> 1 <Weight> 0.307692
<Mean>
999.020752 36.694290 -10.501433 -179.111954 -84.403450 -16.837395 -35.196564 -29.786734 0.260016 
<Inverted_Deviation>
0.011309 0.014241 0.029743 0.009399 0.006350 0.010976 0.021844 0.030304 0.025229 
<LogVarVal> 42.638733
<Mixture> 2 <Weight> 0.153846
<Mean>
1358.208252 279.663635 61.370300 -95.232498 -145.177704 -115.553513 -9.575533 -11.640886 -3.711110 
<Inverted_Deviation>
0.011291 0.007819 0.011548 0.070711 0.070711 0.070711 0.013861 0.015308 0.070711 
<LogVarVal> 38.002056
<State> 1
<NumMixes> 3
<Mixture> 0 <Weight> 0.285714
<Mean>
947.770813 -20.500446 -1.609502 -101.689552 -32.137920 4.597140 -9.041558 19.246124 -0.081144 
<Inverted_Deviation>
0.031942 0.026512 0.040920 0.043824 0.019435 0.038024 0.042020 0.062763 0.051759 
<LogVarVal> 34.658344
<Mixture> 1 <Weight> 0.285714
<Mean>
800.770813 -8.302929 15.414194 -168.683472 -11.636293 3.156815 -0.266385 -5.554186 -1.916212 
<Inverted_Deviation>
0.025257 0.013624 0.070711 0.070444 0.028542 0.040240 0.070711 0.070711 0.070711 
<LogVarVal> 33.144669
<Mixture> 2 <Weight> 0.428571
<Mean>
953.305542 29.280622 -8.328856 61.614407 -16.587055 4.193415 -92.424255 -19.550846 5.047142 
<Inverted_Deviation>
0.029372 0.020305 0.032189 0.019995 0.018569 0.070711 0.017306 0.032673 0.070711 
<LogVarVal> 36.686749
<State> 2
<NumMixes> 3
<Mixture> 0 <Weight> 0.250000
<Mean>
1083.833252 -194.809479 182.408081 -23.803633 64.328758 -91.064751 -21.211678 -4.489586 -12.056730 
<Inverted_Deviation>
0.025218 0.011384 0.008054 0.009021 0.041255 0.020414 0.019129 0.019926 0.024874 
<LogVarVal> 41.482529
<Mixture> 1 <Weight> 0.416667
<Mean>
1170.566650 65.655449 -57.608273 -498.339081 124.944740 63.405025 6.683423 -22.549557 13.983151 
<Inverted_Deviation>
0.003000 0.009204 0.013597 0.005661 0.006015 0.009203 0.003052 0.006855 0.010004 
<LogVarVal> 50.301487
<Mixture> 2 <Weight> 0.333333
<Mean>
1620.000000 -219.613953 -107.419914 -86.168282 120.012863 -25.778610 -65.091759 48.333572 -11.932051 
<Inverted_Deviation>
0.002625 0.003313 0.017972 0.007090 0.006241 0.009155 0.011826 0.020179 0.033739 
<LogVarVal> 47.271503
<TransP>
-0.262364 -1.466337 -10000000000.000000 
-10000000000.000000 -0.241162 -1.540445 
-10000000000.000000 -10000000000.000000 0.000000 
<EndEmbeddedHMM>
