<NumSuperStates> 5
<NumStates> 3 6 6 6 3 
<NumMixtures> 3 3 3 3 3 3 3 3 3 3 3 3 3 3 3 3 3 3 3 3 3 3 3 3 
<VecSize> 9
<BeginExternalHMM>
<NumStates> 5
<TransP>
-0.405465 -1.098612 -10000000000.000000 -10000000000.000000 -10000000000.000000 
-10000000000.000000 -0.405465 -1.098612 -10000000000.000000 -10000000000.000000 
-10000000000.000000 -10000000000.000000 -0.405465 -1.098612 -10000000000.000000 
-10000000000.000000 -10000000000.000000 -10000000000.000000 -0.405465 -1.098612 
-10000000000.000000 -10000000000.000000 -10000000000.000000 -10000000000.000000 0.000000 
<EndExternalHMM>
<BeginEmbeddedHMM>
<NumStates> 3
<State> 0
<NumMixes> 3
<Mixture> 0 <Weight> 0.133333
<Mean>
800.333313 -3.452045 -33.175156 -122.853973 27.939974 26.471069 62.975655 11.554679 -18.728043 
<Inverted_Deviation>
0.070711 0.019534 0.070711 0.040778 0.018591 0.070711 0.070711 0.049231 0.057393 
<LogVarVal> 32.737278
<Mixture> 1 <Weight> 0.533333
<Mean>
786.479126 16.151073 4.590892 11.568511 20.898315 -12.958948 37.154976 -21.455467 5.897121 
<Inverted_Deviation>
0.021903 0.036458 0.024934 0.022172 0.020718 0.035528 0.022726 0.063582 0.070711 
<LogVarVal> 36.187489
<Mixture> 2 <Weight> 0.333333
<Mean>
990.283325 -94.973778 54.518909 -227.254059 74.681969 -35.626930 10.763140 9.207166 2.534007 
<Inverted_Deviation>
0.006725 0.008412 0.006511 0.012777 0.011475 0.009461 0.015352 0.017302 0.019813 
<LogVarVal> 45.608669
<State> 1
<NumMixes> 3
<Mixture> 0 <Weight> 0.222222
<Mean>
1064.875000 -78.014038 -197.270172 -344.433594 116.180328 113.160782 54.431507 -59.415794 38.773846 
<Inverted_Deviation>
0.003580 0.008105 0.021189 0.008275 0.007588 0.013094 0.022669 0.015961 0.006361 
<LogVarVal> 46.446518
<Mixture> 1 <Weight> 0.444444
<Mean>
711.666626 43.978378 -1.396931 -50.052452 -20.559544 -1.216181 74.521492 21.685661 -3.993616 
<Inverted_Deviation>
0.010956 0.035095 0.034340 0.009889 0.023667 0.039844 0.038225 0.055135 0.053794 
<LogVarVal> 37.053883
<Mixture> 2 <Weight> 0.333333
<Mean>
1031.500000 223.421432 24.982870 -353.297241 -153.449799 17.083281 88.395355 5.160047 -44.966026 
<Inverted_Deviation>
0.004110 0.018928 0.009886 0.008342 0.014010 0.006251 0.019958 0.007410 0.011031 
<LogVarVal> 46.684906
<State> 2
<NumMixes> 3
<Mixture> 0 <Weight> 0.400000
<Mean>
640.250000 12.378787 2.605356 -58.858070 -5.253076 -3.332277 11.626297 -0.900022 1.041399 
<Inverted_Deviation>
0.045980 0.041102 0.051254 0.036752 0.061005 0.065820 0.070711 0.070711 0.070582 
<LogVarVal> 31.163961
<Mixture> 1 <Weight> 0.333333
<Mean>
599.250000 9.799057 -0.502396 -4.184156 3.247167 -1.019813 25.349720 8.089881 1.084647 
<Inverted_Deviation>
0.070711 0.045602 0.070711 0.044660 0.033439 0.034992 0.037546 0.054928 0.068663 
<LogVarVal> 32.259224
<Mixture> 2 <Weight> 0.266667
<Mean>
715.020752 30.262669 10.198743 -97.098648 -32.079659 -10.206672 15.816957 15.624066 11.588394 
<Inverted_Deviation>
0.028473 0.070711 0.050252 0.026655 0.049732 0.026692 0.055069 0.070711 0.061921 
<LogVarVal> 32.929428
<TransP>
-0.223144 -1.609438 -10000000000.000000 
-10000000000.000000 -0.405465 -1.098612 
-10000000000.000000 -10000000000.000000 0.000000 
<EndEmbeddedHMM>
<BeginEmbeddedHMM>
<NumStates> 6
<State> 0
<NumMixes> 3
<Mixture> 0 <Weight> 0.333333
<Mean>
1891.666748 -147.824982 -130.593658 -147.426987 -127.978081 -35.482101 -15.205978 -32.417168 10.591024 
<Inverted_Deviation>
0.004727 0.004061 0.011626 0.009115 0.023502 0.008632 0.003089 0.013683 0.010709 
<LogVarVal> 48.275558
<Mixture> 1 <Weight> 0.444444
<Mean>
1195.583252 -244.528687 21.195135 -314.368591 141.664413 12.472992 83.045792 -0.628031 -33.880360 
<Inverted_Deviation>
0.003893 0.008225 0.006714 0.005289 0.008331 0.009156 0.008648 0.010304 0.011597 
<LogVarVal> 49.009647
<Mixture> 2 <Weight> 0.222222
<Mean>
1448.916626 -443.167542 2.910892 -228.579865 37.838722 123.686813 -80.477417 83.820175 37.548256 
<Inverted_Deviation>
0.023249 0.010571 0.007753 0.029729 0.014567 0.070711 0.006394 0.005344 0.070711 
<LogVarVal> 41.649261
<State> 1
<NumMixes> 3
<Mixture> 0 <Weight> 0.333333
<Mean>
1934.291504 -89.071526 116.598846 -196.764771 63.052055 125.495193 -26.691339 -55.154606 41.634983 
<Inverted_Deviation>
0.005305 0.027118 0.013267 0.030029 0.009885 0.011181 0.017460 0.004182 0.017149 
<LogVarVal> 44.527000
<Mixture> 1 <Weight> 0.500000
<Mean>
1592.361084 36.641579 62.436363 -330.666077 -61.035427 -12.183017 -23.796997 -6.088460 -21.796545 
<Inverted_Deviation>
0.005888 0.005950 0.004688 0.007002 0.005449 0.013674 0.003954 0.006105 0.012107 
<LogVarVal> 50.285198
<Mixture> 2 <Weight> 0.166667
<Mean>
2078.833252 60.591095 34.181580 -53.284084 131.223175 -61.261959 114.687157 137.753418 -50.543373 
<Inverted_Deviation>
0.070711 0.070711 0.070711 0.070711 0.070711 0.070711 0.070711 0.070711 0.070711 
<LogVarVal> 28.993713
<State> 2
<NumMixes> 3
<Mixture> 0 <Weight> 0.333333
<Mean>
2066.166504 129.789474 -237.638397 -160.884033 -9.832943 -78.674545 -5.556704 58.682461 -14.338485 
<Inverted_Deviation>
0.009065 0.058996 0.021195 0.070711 0.008585 0.030027 0.018191 0.011690 0.015985 
<LogVarVal> 40.043362
<Mixture> 1 <Weight> 0.333333
<Mean>
1641.208252 -4.153709 -176.815536 -306.167969 131.626175 -28.412201 -118.451027 69.452774 102.993629 
<Inverted_Deviation>
0.070711 0.002904 0.070711 0.070092 0.014841 0.003706 0.040805 0.005624 0.013265 
<LogVarVal> 41.459431
<Mixture> 2 <Weight> 0.333333
<Mean>
2092.000000 -225.030884 -27.892632 -212.198242 -107.065720 0.484829 -3.518536 -31.100513 -57.197456 
<Inverted_Deviation>
0.006740 0.011324 0.030453 0.070711 0.014573 0.009467 0.015101 0.070711 0.008473 
<LogVarVal> 41.274075
<State> 3
<NumMixes> 3
<Mixture> 0 <Weight> 0.333333
<Mean>
1704.125000 115.938522 -113.097458 -271.932678 65.888596 23.978765 -53.545849 -43.299416 49.039280 
<Inverted_Deviation>
0.004118 0.015941 0.043475 0.007989 0.015780 0.011444 0.015169 0.026727 0.070711 
<LogVarVal> 41.826714
<Mixture> 1 <Weight> 0.333333
<Mean>
1304.500000 180.393402 55.818153 -447.795227 -28.048107 12.431534 39.932442 -134.704910 -50.224190 
<Inverted_Deviation>
0.005391 0.009144 0.007705 0.020522 0.070711 0.015292 0.008744 0.010077 0.070711 
<LogVarVal> 42.636841
<Mixture> 2 <Weight> 0.333333
<Mean>
1991.000000 215.791840 174.913177 -190.074463 86.029701 0.312634 -62.618900 49.484314 20.401680 
<Inverted_Deviation>
0.006014 0.011457 0.070711 0.008625 0.009081 0.026036 0.026280 0.029647 0.057892 
<LogVarVal> 40.492699
<State> 4
<NumMixes> 3
<Mixture> 0 <Weight> 0.333333
<Mean>
1399.208252 228.980270 32.699593 -402.990234 -11.503204 39.845772 38.687920 -74.665314 13.049116 
<Inverted_Deviation>
0.009561 0.018033 0.036625 0.009825 0.006897 0.031928 0.012915 0.010420 0.031565 
<LogVarVal> 42.536808
<Mixture> 1 <Weight> 0.500000
<Mean>
979.944458 165.727905 23.184704 -225.260040 -132.988983 -22.082226 74.578796 32.154804 -19.075657 
<Inverted_Deviation>
0.007932 0.034330 0.029244 0.010266 0.016721 0.016055 0.022242 0.008475 0.011953 
<LogVarVal> 42.696842
<Mixture> 2 <Weight> 0.166667
<Mean>
1729.833252 260.483063 -6.895530 -334.895447 174.053146 -9.855336 44.001331 -62.619522 -39.883701 
<Inverted_Deviation>
0.070711 0.070711 0.070711 0.070711 0.070711 0.070711 0.070711 0.070711 0.070711 
<LogVarVal> 28.993713
<State> 5
<NumMixes> 3
<Mixture> 0 <Weight> 0.333333
<Mean>
924.875000 211.926971 -32.666397 -257.523987 -133.417953 61.047573 129.393600 12.796598 -22.375557 
<Inverted_Deviation>
0.011793 0.009785 0.018937 0.006953 0.007904 0.015524 0.027454 0.070711 0.070711 
<LogVarVal> 41.052948
<Mixture> 1 <Weight> 0.500000
<Mean>
708.500000 66.877151 18.334030 -15.134895 -52.757500 0.710594 10.710505 21.847740 -12.373645 
<Inverted_Deviation>
0.026604 0.022145 0.070711 0.019621 0.015119 0.029888 0.011220 0.021330 0.061846 
<LogVarVal> 37.991337
<Mixture> 2 <Weight> 0.166667
<Mean>
1260.916626 155.884674 -20.612955 -530.474426 -14.786405 32.370483 110.163071 -23.300367 9.117999 
<Inverted_Deviation>
0.070711 0.070711 0.070711 0.070711 0.070711 0.070711 0.070711 0.070711 0.070711 
<LogVarVal> 28.993713
<TransP>
-0.405465 -1.098612 -10000000000.000000 -10000000000.000000 -10000000000.000000 -10000000000.000000 
-10000000000.000000 -0.693147 -0.693147 -10000000000.000000 -10000000000.000000 -10000000000.000000 
-10000000000.000000 -10000000000.000000 -0.693147 -0.693147 -10000000000.000000 -10000000000.000000 
-10000000000.000000 -10000000000.000000 -10000000000.000000 -0.693147 -0.693147 -10000000000.000000 
-10000000000.000000 -10000000000.000000 -10000000000.000000 -10000000000.000000 -0.693147 -0.693147 
-10000000000.000000 -10000000000.000000 -10000000000.000000 -10000000000.000000 -10000000000.000000 0.000000 
<EndEmbeddedHMM>
<BeginEmbeddedHMM>
<NumStates> 6
<State> 0
<NumMixes> 3
<Mixture> 0 <Weight> 0.555556
<Mean>
2442.416748 -152.580795 -124.627441 -105.105850 46.391396 9.774943 -51.998535 -6.912561 -4.228343 
<Inverted_Deviation>
0.004394 0.003381 0.005689 0.004392 0.035039 0.059616 0.015705 0.040505 0.070711 
<LogVarVal> 43.045910
<Mixture> 1 <Weight> 0.111111
<Mean>
2076.666504 -294.653473 -265.188721 -317.603668 48.770496 22.073332 -24.520296 -45.374043 15.071739 
<Inverted_Deviation>
0.070711 0.070711 0.070711 0.070711 0.070711 0.070711 0.070711 0.070711 0.070711 
<LogVarVal> 28.993713
<Mixture> 2 <Weight> 0.333333
<Mean>
1713.416748 -695.162292 -0.811636 -43.423019 63.842922 -4.433880 -51.077721 16.937151 19.609150 
<Inverted_Deviation>
0.011959 0.011058 0.054848 0.005509 0.014561 0.022815 0.041128 0.070711 0.057568 
<LogVarVal> 38.891563
<State> 1
<NumMixes> 3
<Mixture> 0 <Weight> 0.333333
<Mean>
2525.208252 33.638561 24.683456 -145.401733 -54.146774 19.212725 -107.874176 -15.602493 18.245886 
<Inverted_Deviation>
0.055989 0.023391 0.020608 0.031780 0.031347 0.028027 0.070711 0.030940 0.070711 
<LogVarVal> 34.931507
<Mixture> 1 <Weight> 0.333333
<Mean>
2288.166504 -62.873135 34.028568 -297.102234 -99.179626 17.155777 25.735706 14.333405 -15.249971 
<Inverted_Deviation>
0.029867 0.015426 0.039145 0.018771 0.027368 0.015351 0.070711 0.044876 0.070711 
<LogVarVal> 36.227055
<Mixture> 2 <Weight> 0.333333
<Mean>
2611.208252 91.863335 3.731245 54.401779 -28.015535 3.034805 -30.822403 12.268905 -9.899598 
<Inverted_Deviation>
0.017770 0.070711 0.013805 0.044962 0.070711 0.070711 0.065818 0.054139 0.052567 
<LogVarVal> 33.096409
<State> 2
<NumMixes> 3
<Mixture> 0 <Weight> 0.500000
<Mean>
2332.472168 217.785950 -148.040283 -11.072433 -9.266658 -5.117699 -29.864437 -21.419828 5.973539 
<Inverted_Deviation>
0.035737 0.037159 0.070711 0.011004 0.023051 0.070711 0.040629 0.038430 0.028749 
<LogVarVal> 35.364571
<Mixture> 1 <Weight> 0.333333
<Mean>
2471.000000 -60.186394 -42.991657 -96.001434 -53.336536 -17.305653 -31.416100 -11.151690 6.147916 
<Inverted_Deviation>
0.014607 0.034604 0.070711 0.016845 0.056811 0.070711 0.025798 0.020407 0.034509 
<LogVarVal> 35.907219
<Mixture> 2 <Weight> 0.166667
<Mean>
2511.666504 2.646659 -2.876974 82.550697 -0.867789 -24.717628 -56.898602 24.761087 20.737389 
<Inverted_Deviation>
0.070711 0.070711 0.070711 0.070711 0.070711 0.070711 0.070711 0.070711 0.070711 
<LogVarVal> 28.993713
<State> 3
<NumMixes> 3
<Mixture> 0 <Weight> 0.333333
<Mean>
2213.500000 -219.436096 30.065901 -29.819603 69.677414 -40.575768 -43.536293 20.962793 -5.305422 
<Inverted_Deviation>
0.037905 0.023402 0.024151 0.012912 0.023270 0.070711 0.070711 0.033025 0.070711 
<LogVarVal> 35.370445
<Mixture> 1 <Weight> 0.166667
<Mean>
2049.833252 -20.874889 -77.474342 -185.664200 163.281921 -89.378662 -49.968208 78.402390 -29.522856 
<Inverted_Deviation>
0.070711 0.070711 0.070711 0.070711 0.070711 0.070711 0.070711 0.070711 0.070711 
<LogVarVal> 28.993713
<Mixture> 2 <Weight> 0.500000
<Mean>
2225.750000 149.100113 213.528229 -3.502458 4.744316 -11.739515 -22.583883 -3.660516 -15.167307 
<Inverted_Deviation>
0.051571 0.070711 0.038235 0.013864 0.070711 0.048617 0.046329 0.070711 0.025604 
<LogVarVal> 33.366776
<State> 4
<NumMixes> 3
<Mixture> 0 <Weight> 0.333333
<Mean>
2358.583252 132.387939 -54.828850 -126.378769 -18.328199 15.077290 -48.789574 -19.972366 -4.813995 
<Inverted_Deviation>
0.010607 0.059313 0.056352 0.011777 0.025701 0.070711 0.037509 0.070711 0.056590 
<LogVarVal> 34.954880
<Mixture> 1 <Weight> 0.333333
<Mean>
1967.208252 107.464981 -10.881875 -374.770111 78.417114 58.955414 -143.037506 41.461979 13.877376 
<Inverted_Deviation>
0.010653 0.059795 0.070711 0.012730 0.008210 0.032583 0.023957 0.028491 0.070711 
<LogVarVal> 37.688179
<Mixture> 2 <Weight> 0.333333
<Mean>
2359.750000 -103.005325 -118.487991 -84.851547 73.177116 51.817936 -52.876488 1.484597 16.348263 
<Inverted_Deviation>
0.016444 0.016047 0.025392 0.010636 0.070711 0.030460 0.047897 0.070711 0.070711 
<LogVarVal> 36.085659
<State> 5
<NumMixes> 3
<Mixture> 0 <Weight> 0.333333
<Mean>
1563.416504 611.694275 -173.153488 -20.328747 -35.852642 -50.280636 -28.289711 -4.883558 15.995590 
<Inverted_Deviation>
0.063757 0.047209 0.027464 0.020115 0.070711 0.029723 0.070711 0.041387 0.043271 
<LogVarVal> 33.597511
<Mixture> 1 <Weight> 0.333333
<Mean>
1513.916626 326.153839 -97.059326 -364.719086 -73.873863 37.192062 -167.291229 -25.309122 30.990168 
<Inverted_Deviation>
0.003322 0.004984 0.011616 0.011894 0.012401 0.014600 0.028569 0.014516 0.035886 
<LogVarVal> 44.779057
<Mixture> 2 <Weight> 0.333333
<Mean>
2123.750000 274.035034 -58.654041 -63.783131 -83.074219 24.362495 -39.293583 0.546278 -12.303204 
<Inverted_Deviation>
0.021592 0.015294 0.070711 0.014575 0.070711 0.038472 0.070711 0.070711 0.036428 
<LogVarVal> 34.562340
<TransP>
-0.405465 -1.098612 -10000000000.000000 -10000000000.000000 -10000000000.000000 -10000000000.000000 
-10000000000.000000 -0.693147 -0.693147 -10000000000.000000 -10000000000.000000 -10000000000.000000 
-10000000000.000000 -10000000000.000000 -0.693147 -0.693147 -10000000000.000000 -10000000000.000000 
-10000000000.000000 -10000000000.000000 -10000000000.000000 -0.693147 -0.693147 -10000000000.000000 
-10000000000.000000 -10000000000.000000 -10000000000.000000 -10000000000.000000 -0.693147 -0.693147 
-10000000000.000000 -10000000000.000000 -10000000000.000000 -10000000000.000000 -10000000000.000000 0.000000 
<EndEmbeddedHMM>
<BeginEmbeddedHMM>
<NumStates> 6
<State> 0
<NumMixes> 3
<Mixture> 0 <Weight> 0.333333
<Mean>
2408.305420 -219.647797 -154.350769 176.566757 127.625732 66.670227 -26.416683 -24.165014 -7.527101 
<Inverted_Deviation>
0.004166 0.005712 0.011009 0.013024 0.013054 0.024785 0.070711 0.070711 0.055109 
<LogVarVal> 40.880154
<Mixture> 1 <Weight> 0.222222
<Mean>
2095.333252 -545.854187 -177.116211 197.432983 49.328133 -92.455734 -20.137417 6.204533 25.087284 
<Inverted_Deviation>
0.006244 0.022116 0.013877 0.028976 0.051721 0.019299 0.070711 0.032626 0.053721 
<LogVarVal> 37.763035
<Mixture> 2 <Weight> 0.444444
<Mean>
1518.145752 -470.371399 173.435318 194.011368 -140.291214 -104.027237 -36.696640 11.325619 -8.687337 
<Inverted_Deviation>
0.004468 0.003570 0.007043 0.006950 0.005494 0.012836 0.011315 0.013052 0.020650 
<LogVarVal> 48.382278
<State> 1
<NumMixes> 3
<Mixture> 0 <Weight> 0.166667
<Mean>
2406.916504 99.063622 -30.915218 132.119064 -25.781803 -30.764790 -171.302902 127.075348 -0.774519 
<Inverted_Deviation>
0.070711 0.070711 0.070711 0.070711 0.070711 0.070711 0.070711 0.070711 0.070711 
<LogVarVal> 28.993713
<Mixture> 1 <Weight> 0.666667
<Mean>
2554.291504 67.993958 -15.087236 21.026558 42.570885 13.702974 26.518185 -30.512035 7.683145 
<Inverted_Deviation>
0.016918 0.020190 0.033495 0.017412 0.015717 0.020849 0.032261 0.027849 0.029133 
<LogVarVal> 39.154438
<Mixture> 2 <Weight> 0.166667
<Mean>
2465.250000 -2.498209 -39.196873 123.439323 -33.676819 37.417355 -58.698654 74.572189 -34.728199 
<Inverted_Deviation>
0.070711 0.070711 0.070711 0.070711 0.070711 0.070711 0.070711 0.070711 0.070711 
<LogVarVal> 28.993713
<State> 2
<NumMixes> 3
<Mixture> 0 <Weight> 0.166667
<Mean>
2446.416504 62.963585 24.669111 -77.187706 -12.403620 27.908649 75.265800 -48.063931 -51.678520 
<Inverted_Deviation>
0.070711 0.070711 0.070711 0.070711 0.070711 0.070711 0.070711 0.070711 0.070711 
<LogVarVal> 28.993713
<Mixture> 1 <Weight> 0.500000
<Mean>
2340.166504 106.905968 -49.909264 14.091650 14.378372 -44.634502 72.473137 20.347744 -4.538140 
<Inverted_Deviation>
0.009635 0.013619 0.011431 0.008888 0.011890 0.070711 0.047730 0.036617 0.070711 
<LogVarVal> 39.364231
<Mixture> 2 <Weight> 0.333333
<Mean>
2218.708252 113.963226 0.083867 181.936340 -24.818548 -2.630733 -285.763702 21.801611 26.288027 
<Inverted_Deviation>
0.009330 0.070711 0.031976 0.070711 0.070711 0.025420 0.038527 0.016796 0.033148 
<LogVarVal> 35.638039
<State> 3
<NumMixes> 3
<Mixture> 0 <Weight> 0.333333
<Mean>
2234.125000 -176.157227 53.340012 -9.176119 -102.507721 23.899811 18.491983 21.343258 0.250910 
<Inverted_Deviation>
0.070711 0.012481 0.070711 0.042531 0.034722 0.070711 0.025388 0.042498 0.018610 
<LogVarVal> 34.816048
<Mixture> 1 <Weight> 0.333333
<Mean>
2210.666504 96.763237 131.264496 -35.845039 29.785982 73.482956 46.800446 25.457737 0.973183 
<Inverted_Deviation>
0.050767 0.070711 0.015859 0.015062 0.029442 0.070711 0.029327 0.020002 0.070711 
<LogVarVal> 35.385361
<Mixture> 2 <Weight> 0.333333
<Mean>
2080.083252 -23.503525 50.855461 214.421051 12.400343 -16.158550 -194.809631 -89.763130 19.239687 
<Inverted_Deviation>
0.046126 0.008515 0.070711 0.046036 0.025595 0.024513 0.013102 0.026234 0.070711 
<LogVarVal> 36.719818
<State> 4
<NumMixes> 3
<Mixture> 0 <Weight> 0.333333
<Mean>
2189.458252 153.056152 -67.792122 139.270081 -6.003366 -3.829455 15.309186 -5.344995 -8.345778 
<Inverted_Deviation>
0.008899 0.070711 0.070711 0.028873 0.070711 0.041705 0.070711 0.070711 0.070711 
<LogVarVal> 32.489990
<Mixture> 1 <Weight> 0.500000
<Mean>
2370.194336 -19.273964 -98.237297 83.219208 -53.250305 -31.432211 -19.757013 21.414383 10.496259 
<Inverted_Deviation>
0.014927 0.005814 0.024886 0.045990 0.015350 0.026560 0.031219 0.015050 0.032517 
<LogVarVal> 40.170151
<Mixture> 2 <Weight> 0.166667
<Mean>
2157.166504 -56.486938 -77.627449 161.205017 68.517059 26.309639 -38.435516 -80.714386 -37.086639 
<Inverted_Deviation>
0.070711 0.070711 0.070711 0.070711 0.070711 0.070711 0.070711 0.070711 0.070711 
<LogVarVal> 28.993713
<State> 5
<NumMixes> 3
<Mixture> 0 <Weight> 0.500000
<Mean>
1334.166748 645.028259 -40.623215 126.234398 21.211370 -39.553265 -1.529577 -12.472113 3.527367 
<Inverted_Deviation>
0.005737 0.035344 0.018161 0.028771 0.021119 0.032499 0.023011 0.058780 0.030443 
<LogVarVal> 38.593342
<Mixture> 1 <Weight> 0.333333
<Mean>
2016.624878 392.787231 -122.514465 144.977356 -10.218174 19.921066 -17.889820 -14.838573 4.175827 
<Inverted_Deviation>
0.009119 0.061969 0.051984 0.028528 0.031581 0.070711 0.027118 0.043739 0.070711 
<LogVarVal> 34.634083
<Mixture> 2 <Weight> 0.166667
<Mean>
1751.416626 428.728546 -152.533783 143.479401 -39.733761 9.670357 7.112232 26.122591 4.796046 
<Inverted_Deviation>
0.070711 0.070711 0.070711 0.070711 0.070711 0.070711 0.070711 0.070711 0.070711 
<LogVarVal> 28.993713
<TransP>
-0.405465 -1.098612 -10000000000.000000 -10000000000.000000 -10000000000.000000 -10000000000.000000 
-10000000000.000000 -0.693147 -0.693147 -10000000000.000000 -10000000000.000000 -10000000000.000000 
-10000000000.000000 -10000000000.000000 -0.693147 -0.693147 -10000000000.000000 -10000000000.000000 
-10000000000.000000 -10000000000.000000 -10000000000.000000 -0.693147 -0.693147 -10000000000.000000 
-10000000000.000000 -10000000000.000000 -10000000000.000000 -10000000000.000000 -0.693147 -0.693147 
-10000000000.000000 -10000000000.000000 -10000000000.000000 -10000000000.000000 -10000000000.000000 0.000000 
<EndEmbeddedHMM>
<BeginEmbeddedHMM>
<NumStates> 3
<State> 0
<NumMixes> 3
<Mixture> 0 <Weight> 0.200000
<Mean>
1895.999878 -249.369659 13.407354 -641.557495 -201.941376 53.067425 300.386963 90.445374 -15.555320 
<Inverted_Deviation>
0.002936 0.004329 0.004032 0.003536 0.003607 0.006678 0.007598 0.014511 0.046308 
<LogVarVal> 50.401386
<Mixture> 1 <Weight> 0.200000
<Mean>
1530.527710 -394.519043 51.614208 126.450211 9.364368 8.923831 205.433655 28.274811 -21.008133 
<Inverted_Deviation>
0.001873 0.002818 0.002967 0.033539 0.037523 0.016326 0.021161 0.005905 0.009840 
<LogVarVal> 47.525307
<Mixture> 2 <Weight> 0.600000
<Mean>
2348.574219 19.305820 -14.997277 -168.043655 -77.941597 -8.291796 -124.826820 -40.514637 17.791521 
<Inverted_Deviation>
0.018260 0.010806 0.010993 0.002378 0.004052 0.006444 0.003262 0.008894 0.013366 
<LogVarVal> 49.550236
<State> 1
<NumMixes> 3
<Mixture> 0 <Weight> 0.166667
<Mean>
2124.041504 133.038666 2.135076 237.813202 -26.955048 -22.095142 166.893921 -4.636301 0.023825 
<Inverted_Deviation>
0.008575 0.070711 0.058390 0.035434 0.018978 0.039474 0.070711 0.070711 0.070711 
<LogVarVal> 33.884098
<Mixture> 1 <Weight> 0.166667
<Mean>
1958.583252 -25.103790 60.600365 189.000580 61.169426 -17.695919 158.506073 24.444132 -18.922115 
<Inverted_Deviation>
0.036576 0.007659 0.055467 0.019776 0.037624 0.070711 0.031254 0.020067 0.032549 
<LogVarVal> 36.875267
<Mixture> 2 <Weight> 0.666667
<Mean>
2098.458252 53.296444 17.986448 -180.223343 -9.814396 24.369213 22.818100 4.857609 -7.226563 
<Inverted_Deviation>
0.005623 0.010039 0.032973 0.019405 0.010570 0.027432 0.007355 0.021669 0.048817 
<LogVarVal> 42.197388
<State> 2
<NumMixes> 3
<Mixture> 0 <Weight> 0.250000
<Mean>
1547.000000 386.526459 -70.072380 36.555107 60.790253 -34.346550 30.282171 -23.288343 -3.068839 
<Inverted_Deviation>
0.015706 0.012434 0.024156 0.012250 0.013326 0.016966 0.068178 0.032453 0.017126 
<LogVarVal> 40.393101
<Mixture> 1 <Weight> 0.250000
<Mean>
1196.944336 315.771240 117.123337 -79.689812 138.783783 -27.150656 40.373196 -1.230102 -9.513142 
<Inverted_Deviation>
0.009431 0.005516 0.022932 0.010571 0.020529 0.021428 0.036738 0.016400 0.031089 
<LogVarVal> 41.954166
<Mixture> 2 <Weight> 0.500000
<Mean>
1960.305420 103.647911 -72.671539 40.881191 -41.210091 -19.526854 13.659061 5.993194 12.486350 
<Inverted_Deviation>
0.010316 0.006188 0.021424 0.014701 0.009779 0.017755 0.021047 0.013769 0.040645 
<LogVarVal> 42.881313
<TransP>
-0.223144 -1.609438 -10000000000.000000 
-10000000000.000000 -0.287682 -1.386294 
-10000000000.000000 -10000000000.000000 0.000000 
<EndEmbeddedHMM>
