<NumSuperStates> 5
<NumStates> 3 6 6 6 3 
<NumMixtures> 3 3 3 3 3 3 3 3 3 3 3 3 3 3 3 3 3 3 3 3 3 3 3 3 
<VecSize> 9
<BeginExternalHMM>
<NumStates> 5
<TransP>
-0.405465 -1.098612 -10000000000.000000 -10000000000.000000 -10000000000.000000 
-10000000000.000000 -0.405465 -1.098612 -10000000000.000000 -10000000000.000000 
-10000000000.000000 -10000000000.000000 -0.405465 -1.098612 -10000000000.000000 
-10000000000.000000 -10000000000.000000 -10000000000.000000 -0.405465 -1.098612 
-10000000000.000000 -10000000000.000000 -10000000000.000000 -10000000000.000000 0.000000 
<EndExternalHMM>
<BeginEmbeddedHMM>
<NumStates> 3
<State> 0
<NumMixes> 3
<Mixture> 0 <Weight> 0.133333
<Mean>
1537.750000 -243.878937 -129.521347 -142.961288 -329.639557 30.759594 10.470383 -9.661751 86.643066 
<Inverted_Deviation>
0.005446 0.005581 0.068735 0.017371 0.017421 0.005535 0.005239 0.003452 0.070711 
<LogVarVal> 45.099094
<Mixture> 1 <Weight> 0.333333
<Mean>
1542.433228 -149.834808 -17.587286 -607.857910 41.186363 41.032925 -228.040817 45.605862 8.079891 
<Inverted_Deviation>
0.003103 0.003700 0.009287 0.007651 0.006493 0.016825 0.008348 0.005589 0.009538 
<LogVarVal> 49.825130
<Mixture> 2 <Weight> 0.533333
<Mean>
1783.572876 -56.783875 8.934570 281.751343 -25.672987 -39.774647 -26.994984 22.496208 -7.687212 
<Inverted_Deviation>
0.007098 0.008370 0.019684 0.006280 0.003919 0.009776 0.002034 0.005067 0.011383 
<LogVarVal> 50.008968
<State> 1
<NumMixes> 3
<Mixture> 0 <Weight> 0.333333
<Mean>
2046.416626 40.906143 -20.268394 179.478546 -92.460442 4.518629 -264.611328 31.401770 -8.661070 
<Inverted_Deviation>
0.009880 0.009475 0.028518 0.005326 0.014420 0.021075 0.012687 0.014346 0.020639 
<LogVarVal> 43.810852
<Mixture> 1 <Weight> 0.333333
<Mean>
1890.020752 -56.989498 -26.448725 -479.942932 -49.595299 -15.236322 -198.483047 -2.369018 -2.267839 
<Inverted_Deviation>
0.009957 0.016254 0.012403 0.012989 0.022250 0.014848 0.070711 0.058349 0.035602 
<LogVarVal> 39.454689
<Mixture> 2 <Weight> 0.333333
<Mean>
1766.541626 75.392868 -14.169786 450.452881 -25.230804 -5.300719 69.044327 -78.458900 16.621983 
<Inverted_Deviation>
0.005343 0.006899 0.009450 0.009909 0.006708 0.009878 0.006545 0.007799 0.019004 
<LogVarVal> 48.103287
<State> 2
<NumMixes> 3
<Mixture> 0 <Weight> 0.166667
<Mean>
1714.375000 -137.190765 14.671714 296.690918 122.563583 10.152338 248.257721 132.775101 -73.919220 
<Inverted_Deviation>
0.010431 0.040751 0.018611 0.008606 0.044197 0.019115 0.011226 0.007002 0.013912 
<LogVarVal> 42.456299
<Mixture> 1 <Weight> 0.500000
<Mean>
1274.597168 423.530884 -17.176514 -259.890778 -45.832958 106.462753 -32.727177 -88.580933 -10.595342 
<Inverted_Deviation>
0.002654 0.006045 0.005595 0.006330 0.003981 0.005658 0.012834 0.010393 0.009577 
<LogVarVal> 50.711018
<Mixture> 2 <Weight> 0.333333
<Mean>
1835.833252 83.145721 -69.344055 -3.756378 200.830811 -76.533264 -199.992416 -1.750658 33.357246 
<Inverted_Deviation>
0.008950 0.009626 0.006611 0.002668 0.005510 0.026223 0.005422 0.009341 0.015369 
<LogVarVal> 48.364258
<TransP>
-0.223144 -1.609438 -10000000000.000000 
-10000000000.000000 -0.287682 -1.386294 
-10000000000.000000 -10000000000.000000 0.000000 
<EndEmbeddedHMM>
<BeginEmbeddedHMM>
<NumStates> 6
<State> 0
<NumMixes> 3
<Mixture> 0 <Weight> 0.222222
<Mean>
1502.500000 72.893074 204.594116 -176.059479 56.722717 -22.289310 105.298943 8.232767 -56.261848 
<Inverted_Deviation>
0.010607 0.013922 0.022857 0.003395 0.019858 0.007440 0.009106 0.011446 0.015195 
<LogVarVal> 45.611446
<Mixture> 1 <Weight> 0.444444
<Mean>
1534.562500 232.706177 26.918074 -138.918762 -20.340099 -42.790432 -155.586365 -5.304971 28.258167 
<Inverted_Deviation>
0.003664 0.007413 0.008502 0.004737 0.014607 0.010325 0.009433 0.007508 0.008390 
<LogVarVal> 48.920506
<Mixture> 2 <Weight> 0.333333
<Mean>
1867.777710 258.096252 -34.249809 -84.188026 -27.388906 36.936562 105.113976 -43.082455 -2.553027 
<Inverted_Deviation>
0.003769 0.025639 0.028729 0.006327 0.006984 0.012464 0.005855 0.018420 0.018801 
<LogVarVal> 45.466415
<State> 1
<NumMixes> 3
<Mixture> 0 <Weight> 0.333333
<Mean>
1879.791626 -298.033813 -2.935119 -281.935242 11.638409 42.537109 6.622596 41.665817 15.836697 
<Inverted_Deviation>
0.004605 0.070711 0.027375 0.058236 0.010359 0.022089 0.022721 0.013925 0.070711 
<LogVarVal> 38.712662
<Mixture> 1 <Weight> 0.500000
<Mean>
1443.500000 -234.230103 34.689800 -25.396103 68.204094 17.117588 84.657913 -61.956970 -23.509136 
<Inverted_Deviation>
0.005930 0.017678 0.037046 0.012291 0.006683 0.016715 0.008595 0.004403 0.009718 
<LogVarVal> 45.924549
<Mixture> 2 <Weight> 0.166667
<Mean>
1665.750000 -318.932434 -1.191188 -376.704742 -86.621521 -13.825401 24.704481 33.933472 -54.916550 
<Inverted_Deviation>
0.070711 0.070711 0.070711 0.070711 0.070711 0.070711 0.070711 0.070711 0.070711 
<LogVarVal> 28.993713
<State> 2
<NumMixes> 3
<Mixture> 0 <Weight> 0.333333
<Mean>
1879.541626 313.402649 -3.506050 -277.089935 -7.060559 -14.933630 -31.836052 7.164185 -4.060898 
<Inverted_Deviation>
0.004768 0.060531 0.035812 0.014487 0.058839 0.070711 0.012194 0.014401 0.020832 
<LogVarVal> 38.866238
<Mixture> 1 <Weight> 0.500000
<Mean>
1744.833374 65.189392 -152.907257 -60.890991 -29.546446 1.907487 175.832077 -32.105232 14.832781 
<Inverted_Deviation>
0.008993 0.004929 0.008970 0.003796 0.070711 0.021560 0.007845 0.020956 0.035398 
<LogVarVal> 44.003281
<Mixture> 2 <Weight> 0.166667
<Mean>
2142.500000 19.579762 -209.871826 -253.207825 -27.408926 -16.614143 -95.630379 30.356258 27.693316 
<Inverted_Deviation>
0.070711 0.070711 0.070711 0.070711 0.070711 0.070711 0.070711 0.070711 0.070711 
<LogVarVal> 28.993713
<State> 3
<NumMixes> 3
<Mixture> 0 <Weight> 0.500000
<Mean>
1366.833374 177.092163 33.986099 -187.090073 -87.423210 11.228741 15.323413 -24.523941 24.228559 
<Inverted_Deviation>
0.007479 0.010798 0.013317 0.010700 0.007239 0.014659 0.011392 0.009275 0.014282 
<LogVarVal> 45.986591
<Mixture> 1 <Weight> 0.333333
<Mean>
1303.458252 150.099182 54.599266 46.567841 47.865288 17.076237 171.822037 141.194656 -73.582710 
<Inverted_Deviation>
0.007532 0.010050 0.032291 0.047728 0.028930 0.014247 0.009617 0.006827 0.021120 
<LogVarVal> 42.397987
<Mixture> 2 <Weight> 0.166667
<Mean>
1716.833252 236.660095 43.507320 -198.815582 -38.070686 12.412426 -0.748397 -109.144608 3.826764 
<Inverted_Deviation>
0.070711 0.070711 0.070711 0.070711 0.070711 0.070711 0.070711 0.070711 0.070711 
<LogVarVal> 28.993713
<State> 4
<NumMixes> 3
<Mixture> 0 <Weight> 0.333333
<Mean>
1476.833252 -282.286621 18.001280 -120.011742 55.905231 -5.856331 129.907532 -3.164555 12.612017 
<Inverted_Deviation>
0.015512 0.019888 0.070711 0.003793 0.054812 0.070711 0.040690 0.014412 0.070711 
<LogVarVal> 37.102459
<Mixture> 1 <Weight> 0.500000
<Mean>
1330.611084 -163.729706 67.974724 77.100876 -82.970917 -26.505276 -45.303734 -19.108528 21.515652 
<Inverted_Deviation>
0.007698 0.008989 0.015529 0.014521 0.070711 0.016044 0.011717 0.008189 0.009425 
<LogVarVal> 43.824802
<Mixture> 2 <Weight> 0.166667
<Mean>
1373.750000 -30.082130 178.233307 -233.819870 52.610828 12.797657 141.526627 21.981895 -6.877406 
<Inverted_Deviation>
0.070711 0.070711 0.070711 0.070711 0.070711 0.070711 0.070711 0.070711 0.070711 
<LogVarVal> 28.993713
<State> 5
<NumMixes> 3
<Mixture> 0 <Weight> 0.500000
<Mean>
1560.000000 388.453705 -387.086670 -126.562393 49.792686 50.451752 6.831195 44.836037 34.653839 
<Inverted_Deviation>
0.005748 0.012759 0.013506 0.016077 0.004837 0.008923 0.017126 0.010219 0.070711 
<LogVarVal> 44.457085
<Mixture> 1 <Weight> 0.166667
<Mean>
1679.166626 -128.033218 -115.692123 62.771507 154.125748 -176.373779 -71.204208 -1.719965 -21.805981 
<Inverted_Deviation>
0.070711 0.070711 0.070711 0.070711 0.070711 0.070711 0.070711 0.070711 0.070711 
<LogVarVal> 28.993713
<Mixture> 2 <Weight> 0.333333
<Mean>
1794.500000 -252.857300 -30.093149 -145.922119 8.341501 35.578579 76.320526 43.628731 -61.676914 
<Inverted_Deviation>
0.010755 0.060259 0.033254 0.006562 0.009790 0.010921 0.016222 0.067744 0.026598 
<LogVarVal> 40.506702
<TransP>
-0.405465 -1.098612 -10000000000.000000 -10000000000.000000 -10000000000.000000 -10000000000.000000 
-10000000000.000000 -0.693147 -0.693147 -10000000000.000000 -10000000000.000000 -10000000000.000000 
-10000000000.000000 -10000000000.000000 -0.693147 -0.693147 -10000000000.000000 -10000000000.000000 
-10000000000.000000 -10000000000.000000 -10000000000.000000 -0.693147 -0.693147 -10000000000.000000 
-10000000000.000000 -10000000000.000000 -10000000000.000000 -10000000000.000000 -0.693147 -0.693147 
-10000000000.000000 -10000000000.000000 -10000000000.000000 -10000000000.000000 -10000000000.000000 0.000000 
<EndEmbeddedHMM>
<BeginEmbeddedHMM>
<NumStates> 6
<State> 0
<NumMixes> 3
<Mixture> 0 <Weight> 0.333333
<Mean>
2148.472168 67.728516 0.097997 69.041733 -39.119545 22.162762 -35.649124 2.650843 24.738461 
<Inverted_Deviation>
0.021229 0.029992 0.021753 0.010934 0.044081 0.020945 0.013588 0.032053 0.048069 
<LogVarVal> 38.615963
<Mixture> 1 <Weight> 0.222222
<Mean>
2013.250000 124.471664 71.267113 -262.984772 78.320099 53.358654 -59.570236 7.583744 -27.056671 
<Inverted_Deviation>
0.011451 0.007263 0.017092 0.021294 0.010909 0.019044 0.070711 0.016124 0.070711 
<LogVarVal> 40.369293
<Mixture> 2 <Weight> 0.444444
<Mean>
2227.729004 36.407452 -51.923828 11.239038 72.401741 -12.289933 -37.787704 28.407898 3.277511 
<Inverted_Deviation>
0.029463 0.010168 0.019089 0.011197 0.014339 0.020289 0.018532 0.025761 0.029762 
<LogVarVal> 41.019211
<State> 1
<NumMixes> 3
<Mixture> 0 <Weight> 0.166667
<Mean>
2275.416504 -147.176041 -19.462095 87.147964 -5.257990 -3.004388 -47.679531 -39.255260 -8.028682 
<Inverted_Deviation>
0.070711 0.070711 0.070711 0.070711 0.070711 0.070711 0.070711 0.070711 0.070711 
<LogVarVal> 28.993713
<Mixture> 1 <Weight> 0.500000
<Mean>
2137.194336 -156.369766 15.682959 -109.332336 -112.692368 -15.211748 -96.272186 -23.599289 15.663245 
<Inverted_Deviation>
0.007401 0.010985 0.020622 0.006459 0.023584 0.028184 0.070711 0.022012 0.034255 
<LogVarVal> 40.647648
<Mixture> 2 <Weight> 0.333333
<Mean>
2016.583252 14.677317 18.956783 270.014343 -102.460068 5.239702 -90.993767 96.608498 -11.732931 
<Inverted_Deviation>
0.070711 0.017357 0.047880 0.013599 0.038918 0.019960 0.018370 0.031326 0.013238 
<LogVarVal> 38.136387
<State> 2
<NumMixes> 3
<Mixture> 0 <Weight> 0.166667
<Mean>
1857.916626 143.474411 53.532005 331.258484 121.910522 -1.831490 -166.807877 -91.666939 54.384872 
<Inverted_Deviation>
0.070711 0.070711 0.070711 0.070711 0.070711 0.070711 0.070711 0.070711 0.070711 
<LogVarVal> 28.993713
<Mixture> 1 <Weight> 0.666667
<Mean>
2225.229004 172.631775 -65.435127 38.235809 5.581731 -19.737930 -39.672379 -6.516284 -12.579873 
<Inverted_Deviation>
0.010920 0.006775 0.006803 0.015753 0.019429 0.028561 0.025350 0.044928 0.052123 
<LogVarVal> 41.032566
<Mixture> 2 <Weight> 0.166667
<Mean>
1936.416626 89.441467 -91.008766 389.772797 11.447892 -61.905884 -220.877365 11.620466 21.206089 
<Inverted_Deviation>
0.070711 0.070711 0.070711 0.070711 0.070711 0.070711 0.070711 0.070711 0.070711 
<LogVarVal> 28.993713
<State> 3
<NumMixes> 3
<Mixture> 0 <Weight> 0.333333
<Mean>
1879.916504 -55.362171 2.881556 -5.148487 106.957375 -0.236018 -82.154449 34.146713 -1.166560 
<Inverted_Deviation>
0.070711 0.011871 0.070711 0.006806 0.019177 0.070711 0.070711 0.070711 0.070711 
<LogVarVal> 34.423958
<Mixture> 1 <Weight> 0.500000
<Mean>
1842.666504 147.125366 46.023766 -122.160446 113.419098 -16.382416 -38.780712 0.520618 6.381837 
<Inverted_Deviation>
0.005966 0.017287 0.025289 0.006345 0.031938 0.024832 0.070711 0.021609 0.043336 
<LogVarVal> 39.830471
<Mixture> 2 <Weight> 0.166667
<Mean>
1804.666626 -44.095837 69.308228 211.864029 105.597832 26.531195 -110.805801 -64.391197 -72.081612 
<Inverted_Deviation>
0.070711 0.070711 0.070711 0.070711 0.070711 0.070711 0.070711 0.070711 0.070711 
<LogVarVal> 28.993713
<State> 4
<NumMixes> 3
<Mixture> 0 <Weight> 0.333333
<Mean>
1987.541626 -31.927240 -25.106405 34.610416 -145.935608 15.267048 -70.798996 -47.665787 7.080127 
<Inverted_Deviation>
0.044544 0.008686 0.049581 0.008365 0.012432 0.067104 0.028212 0.070711 0.054581 
<LogVarVal> 37.010677
<Mixture> 1 <Weight> 0.500000
<Mean>
1807.166748 -129.959656 60.140060 -253.280319 -45.805603 63.678356 -76.144470 34.698570 -18.366524 
<Inverted_Deviation>
0.006846 0.007439 0.012834 0.009850 0.013036 0.016857 0.018539 0.020391 0.027745 
<LogVarVal> 43.900620
<Mixture> 2 <Weight> 0.166667
<Mean>
1974.249878 -49.344730 -40.422977 78.861450 -8.312592 55.401432 -76.307251 -15.983039 39.874138 
<Inverted_Deviation>
0.070711 0.070711 0.070711 0.070711 0.070711 0.070711 0.070711 0.070711 0.070711 
<LogVarVal> 28.993713
<State> 5
<NumMixes> 3
<Mixture> 0 <Weight> 0.500000
<Mean>
1649.222168 454.439331 -236.050827 122.460800 21.277351 -94.145950 -28.838406 -42.167877 0.509633 
<Inverted_Deviation>
0.005709 0.024939 0.008027 0.010594 0.009036 0.065188 0.011945 0.018887 0.070711 
<LogVarVal> 41.863605
<Mixture> 1 <Weight> 0.333333
<Mean>
2032.375000 -45.889095 -98.523048 18.390560 -158.530670 -18.872372 -88.053162 -2.562130 37.165588 
<Inverted_Deviation>
0.070711 0.008942 0.070711 0.006070 0.070711 0.014726 0.022281 0.016004 0.014095 
<LogVarVal> 39.339119
<Mixture> 2 <Weight> 0.166667
<Mean>
1849.583252 158.665253 -44.754654 195.386627 -52.884983 -28.334787 5.070779 -32.301708 -19.432583 
<Inverted_Deviation>
0.070711 0.070711 0.070711 0.070711 0.070711 0.070711 0.070711 0.070711 0.070711 
<LogVarVal> 28.993713
<TransP>
-0.405465 -1.098612 -10000000000.000000 -10000000000.000000 -10000000000.000000 -10000000000.000000 
-10000000000.000000 -0.693147 -0.693147 -10000000000.000000 -10000000000.000000 -10000000000.000000 
-10000000000.000000 -10000000000.000000 -0.693147 -0.693147 -10000000000.000000 -10000000000.000000 
-10000000000.000000 -10000000000.000000 -10000000000.000000 -0.693147 -0.693147 -10000000000.000000 
-10000000000.000000 -10000000000.000000 -10000000000.000000 -10000000000.000000 -0.693147 -0.693147 
-10000000000.000000 -10000000000.000000 -10000000000.000000 -10000000000.000000 -10000000000.000000 0.000000 
<EndEmbeddedHMM>
<BeginEmbeddedHMM>
<NumStates> 6
<State> 0
<NumMixes> 3
<Mixture> 0 <Weight> 0.222222
<Mean>
1948.375000 -22.359541 -37.350910 153.018509 -37.439072 47.936131 -47.815697 25.001997 25.323421 
<Inverted_Deviation>
0.013545 0.010167 0.012581 0.012248 0.007007 0.048255 0.016043 0.029884 0.070711 
<LogVarVal> 41.103802
<Mixture> 1 <Weight> 0.666667
<Mean>
2059.458252 44.511108 6.869705 28.672283 5.475491 -13.980757 4.398789 5.891438 -8.432203 
<Inverted_Deviation>
0.021652 0.010798 0.019479 0.020858 0.010580 0.023086 0.018174 0.014230 0.037061 
<LogVarVal> 41.193432
<Mixture> 2 <Weight> 0.111111
<Mean>
2040.250000 2.687705 -142.617416 -82.156418 -130.021561 20.993427 91.075195 95.843307 -16.165434 
<Inverted_Deviation>
0.070711 0.070711 0.070711 0.070711 0.070711 0.070711 0.070711 0.070711 0.070711 
<LogVarVal> 28.993713
<State> 1
<NumMixes> 3
<Mixture> 0 <Weight> 0.166667
<Mean>
1774.083252 224.728958 15.902083 -182.467773 52.005383 3.240537 27.719069 -141.884094 8.726655 
<Inverted_Deviation>
0.070711 0.070711 0.070711 0.070711 0.070711 0.070711 0.070711 0.070711 0.070711 
<LogVarVal> 28.993713
<Mixture> 1 <Weight> 0.500000
<Mean>
1898.638916 108.210022 -46.995968 33.680771 -75.776611 38.296703 116.382431 -51.942139 18.056587 
<Inverted_Deviation>
0.013751 0.030041 0.017396 0.005953 0.005680 0.011688 0.006060 0.022454 0.015827 
<LogVarVal> 44.786957
<Mixture> 2 <Weight> 0.333333
<Mean>
1691.916504 165.726746 -30.346323 280.752258 23.077595 -55.753174 -232.203400 96.870300 -18.876465 
<Inverted_Deviation>
0.008311 0.014393 0.019146 0.070711 0.008626 0.019157 0.014425 0.024955 0.039717 
<LogVarVal> 40.650818
<State> 2
<NumMixes> 3
<Mixture> 0 <Weight> 0.333333
<Mean>
1592.333252 -5.301033 70.266602 -247.442108 9.993717 19.862785 107.956924 30.688885 -61.830925 
<Inverted_Deviation>
0.070711 0.006903 0.070711 0.070711 0.021048 0.024563 0.057248 0.008031 0.070711 
<LogVarVal> 35.976032
<Mixture> 1 <Weight> 0.333333
<Mean>
1655.541504 48.143097 43.472298 273.332062 89.604645 -89.785767 274.267944 21.922550 -12.560679 
<Inverted_Deviation>
0.044302 0.010880 0.027481 0.018928 0.005520 0.019235 0.037955 0.033026 0.049784 
<LogVarVal> 39.182514
<Mixture> 2 <Weight> 0.333333
<Mean>
1457.541626 -17.816681 73.373856 198.822235 -10.261105 46.125805 -386.506592 4.653206 48.643444 
<Inverted_Deviation>
0.070711 0.006826 0.034938 0.070711 0.010705 0.070711 0.070711 0.010576 0.046034 
<LogVarVal> 36.253750
<State> 3
<NumMixes> 3
<Mixture> 0 <Weight> 0.333333
<Mean>
1663.541626 23.673920 16.262043 118.071991 -40.708775 -15.622791 -79.355919 -78.176804 6.348477 
<Inverted_Deviation>
0.008549 0.062789 0.070711 0.006162 0.006493 0.070711 0.013438 0.015019 0.058300 
<LogVarVal> 39.456120
<Mixture> 1 <Weight> 0.500000
<Mean>
1727.777710 -102.177338 -29.737926 10.949331 -45.916973 57.325714 96.110680 84.035576 24.659773 
<Inverted_Deviation>
0.010303 0.065030 0.017877 0.005907 0.007284 0.011993 0.010227 0.070711 0.022490 
<LogVarVal> 41.987450
<Mixture> 2 <Weight> 0.166667
<Mean>
1526.666626 -64.756287 -95.783905 237.573303 -42.324409 -61.279312 -287.911987 -136.343552 -0.660907 
<Inverted_Deviation>
0.070711 0.070711 0.070711 0.070711 0.070711 0.070711 0.070711 0.070711 0.070711 
<LogVarVal> 28.993713
<State> 4
<NumMixes> 3
<Mixture> 0 <Weight> 0.333333
<Mean>
1644.041626 12.232679 -27.920982 86.017303 68.910873 -16.272873 11.118294 1.188123 0.349279 
<Inverted_Deviation>
0.013808 0.018634 0.070711 0.063101 0.070711 0.070711 0.070711 0.070711 0.070711 
<LogVarVal> 32.074532
<Mixture> 1 <Weight> 0.500000
<Mean>
1814.777710 27.164040 -31.011839 126.465469 -13.651858 -34.799644 17.047344 -5.743276 8.785932 
<Inverted_Deviation>
0.011530 0.014129 0.033342 0.040765 0.025873 0.024103 0.053818 0.029622 0.037742 
<LogVarVal> 37.572800
<Mixture> 2 <Weight> 0.166667
<Mean>
1569.666626 -25.385422 23.927771 160.409805 68.746819 11.003754 -35.359180 -64.993256 -43.897427 
<Inverted_Deviation>
0.070711 0.070711 0.070711 0.070711 0.070711 0.070711 0.070711 0.070711 0.070711 
<LogVarVal> 28.993713
<State> 5
<NumMixes> 3
<Mixture> 0 <Weight> 0.333333
<Mean>
1053.250000 446.348572 61.928509 80.317039 -17.385191 -65.285034 64.170715 -31.742445 -35.262894 
<Inverted_Deviation>
0.043073 0.070711 0.033771 0.006807 0.010722 0.020477 0.006104 0.011629 0.016124 
<LogVarVal> 41.427635
<Mixture> 1 <Weight> 0.500000
<Mean>
1461.777710 308.186340 -91.798912 156.503098 -48.919075 36.589184 -1.101674 33.411018 -11.222667 
<Inverted_Deviation>
0.004807 0.009981 0.016617 0.070711 0.022360 0.009806 0.051091 0.036587 0.026072 
<LogVarVal> 40.196720
<Mixture> 2 <Weight> 0.166667
<Mean>
1375.583252 294.987366 -206.889160 35.396046 39.947048 13.976742 104.086891 -111.657570 57.103786 
<Inverted_Deviation>
0.070711 0.070711 0.070711 0.070711 0.070711 0.070711 0.070711 0.070711 0.070711 
<LogVarVal> 28.993713
<TransP>
-0.405465 -1.098612 -10000000000.000000 -10000000000.000000 -10000000000.000000 -10000000000.000000 
-10000000000.000000 -0.693147 -0.693147 -10000000000.000000 -10000000000.000000 -10000000000.000000 
-10000000000.000000 -10000000000.000000 -0.693147 -0.693147 -10000000000.000000 -10000000000.000000 
-10000000000.000000 -10000000000.000000 -10000000000.000000 -0.693147 -0.693147 -10000000000.000000 
-10000000000.000000 -10000000000.000000 -10000000000.000000 -10000000000.000000 -0.693147 -0.693147 
-10000000000.000000 -10000000000.000000 -10000000000.000000 -10000000000.000000 -10000000000.000000 0.000000 
<EndEmbeddedHMM>
<BeginEmbeddedHMM>
<NumStates> 3
<State> 0
<NumMixes> 3
<Mixture> 0 <Weight> 0.133333
<Mean>
1810.458252 110.752899 5.741844 334.240356 219.390335 -46.218693 -154.474152 -85.916641 35.391579 
<Inverted_Deviation>
0.027682 0.070711 0.006238 0.005815 0.009923 0.017994 0.026841 0.009788 0.009484 
<LogVarVal> 43.145046
<Mixture> 1 <Weight> 0.266667
<Mean>
1949.062500 79.307289 -43.756748 -91.833633 -39.052994 41.811653 111.742386 48.194530 9.892532 
<Inverted_Deviation>
0.006398 0.006441 0.006105 0.010287 0.005488 0.011475 0.004318 0.004473 0.016838 
<LogVarVal> 49.535378
<Mixture> 2 <Weight> 0.600000
<Mean>
1583.166626 127.665367 -16.145844 23.231831 11.019707 3.245146 111.290558 -16.014524 -20.970812 
<Inverted_Deviation>
0.004903 0.007270 0.018754 0.005296 0.006639 0.017617 0.004352 0.016853 0.011943 
<LogVarVal> 47.611855
<State> 1
<NumMixes> 3
<Mixture> 0 <Weight> 0.083333
<Mean>
1273.250000 96.436394 77.235275 11.936731 -14.140549 -24.452757 69.260986 -30.130199 -16.082317 
<Inverted_Deviation>
0.070711 0.070711 0.070711 0.070711 0.070711 0.070711 0.070711 0.070711 0.070711 
<LogVarVal> 28.993713
<Mixture> 1 <Weight> 0.333333
<Mean>
1400.395752 7.885705 11.932388 255.113129 18.451424 -10.824939 211.951462 41.670876 -10.488511 
<Inverted_Deviation>
0.070711 0.023048 0.019966 0.025545 0.019591 0.068217 0.011672 0.019104 0.052153 
<LogVarVal> 37.131329
<Mixture> 2 <Weight> 0.583333
<Mean>
1225.904785 -20.599308 7.067355 -36.973583 -8.271967 7.196413 -0.101540 0.796924 3.016712 
<Inverted_Deviation>
0.012809 0.012426 0.017816 0.023984 0.023756 0.027116 0.015123 0.015380 0.020396 
<LogVarVal> 41.261089
<State> 2
<NumMixes> 3
<Mixture> 0 <Weight> 0.166667
<Mean>
1342.625000 212.411682 -65.961304 -273.096222 242.723145 17.062639 73.487114 -48.931374 -1.753501 
<Inverted_Deviation>
0.009178 0.010474 0.005599 0.005581 0.070711 0.008897 0.016982 0.046338 0.070711 
<LogVarVal> 41.942265
<Mixture> 1 <Weight> 0.333333
<Mean>
1738.687378 -108.782219 -20.889717 -195.607361 131.201935 -47.837208 -49.753529 63.379410 4.084082 
<Inverted_Deviation>
0.004475 0.009555 0.008287 0.005904 0.006629 0.060396 0.012703 0.011035 0.008697 
<LogVarVal> 46.576920
<Mixture> 2 <Weight> 0.500000
<Mean>
1427.986084 -122.375633 39.529221 19.259357 37.171150 -14.793726 25.242643 3.452851 -1.766845 
<Inverted_Deviation>
0.009353 0.010072 0.027356 0.010007 0.016507 0.015634 0.035327 0.017414 0.024163 
<LogVarVal> 42.003437
<TransP>
-0.223144 -1.609438 -10000000000.000000 
-10000000000.000000 -0.287682 -1.386294 
-10000000000.000000 -10000000000.000000 0.000000 
<EndEmbeddedHMM>
