<NumSuperStates> 5
<NumStates> 3 6 6 6 3 
<NumMixtures> 3 3 3 3 3 3 3 3 3 3 3 3 3 3 3 3 3 3 3 3 3 3 3 3 
<VecSize> 9
<BeginExternalHMM>
<NumStates> 5
<TransP>
-0.405465 -1.098612 -10000000000.000000 -10000000000.000000 -10000000000.000000 
-10000000000.000000 -0.405465 -1.098612 -10000000000.000000 -10000000000.000000 
-10000000000.000000 -10000000000.000000 -0.405465 -1.098612 -10000000000.000000 
-10000000000.000000 -10000000000.000000 -10000000000.000000 -0.405465 -1.098612 
-10000000000.000000 -10000000000.000000 -10000000000.000000 -10000000000.000000 0.000000 
<EndExternalHMM>
<BeginEmbeddedHMM>
<NumStates> 3
<State> 0
<NumMixes> 3
<Mixture> 0 <Weight> 0.200000
<Mean>
1028.111084 -92.623825 -23.132870 -540.032227 -17.168526 22.622925 28.672070 69.745628 7.161267 
<Inverted_Deviation>
0.017078 0.007693 0.028073 0.003408 0.014175 0.017130 0.002462 0.007725 0.024826 
<LogVarVal> 46.232487
<Mixture> 1 <Weight> 0.400000
<Mean>
711.652771 -200.711349 -1.934474 -271.582428 127.718048 30.855221 51.251968 8.451864 -18.877455 
<Inverted_Deviation>
0.004768 0.009057 0.021241 0.005175 0.009862 0.012482 0.005628 0.007321 0.026239 
<LogVarVal> 47.057095
<Mixture> 2 <Weight> 0.400000
<Mean>
1451.791748 -134.387756 -22.950878 -78.305878 -38.417130 -20.709976 -47.048321 -1.135384 3.943108 
<Inverted_Deviation>
0.004187 0.014489 0.046341 0.003166 0.005411 0.015865 0.002381 0.005527 0.011564 
<LogVarVal> 48.749496
<State> 1
<NumMixes> 3
<Mixture> 0 <Weight> 0.333333
<Mean>
1414.708252 45.722008 -13.992736 -440.084045 -64.766319 34.845291 -229.582535 -0.876482 -6.943417 
<Inverted_Deviation>
0.010458 0.022774 0.036369 0.007599 0.006404 0.028241 0.014770 0.006191 0.009373 
<LogVarVal> 44.275307
<Mixture> 1 <Weight> 0.333333
<Mean>
976.562439 -3.244725 2.853507 -528.383911 -28.517025 -1.962545 184.179672 20.966934 -15.428953 
<Inverted_Deviation>
0.034758 0.015353 0.023464 0.017498 0.013662 0.020800 0.043111 0.010220 0.013376 
<LogVarVal> 40.692711
<Mixture> 2 <Weight> 0.333333
<Mean>
1716.312500 53.229927 -22.876657 6.478719 29.940693 -0.434732 -100.936562 -51.562283 27.995564 
<Inverted_Deviation>
0.009572 0.010939 0.070711 0.014299 0.006524 0.009202 0.007382 0.005806 0.018204 
<LogVarVal> 44.996723
<State> 2
<NumMixes> 3
<Mixture> 0 <Weight> 0.250000
<Mean>
1188.694458 13.640783 7.945028 -159.286530 16.627483 -27.828375 -179.968811 -87.954613 -8.090633 
<Inverted_Deviation>
0.058075 0.008532 0.008710 0.024618 0.009572 0.008889 0.008759 0.020018 0.029157 
<LogVarVal> 42.764572
<Mixture> 1 <Weight> 0.416667
<Mean>
937.350037 104.554642 -59.547840 -340.863617 -64.994469 14.608996 21.147007 9.193885 22.176033 
<Inverted_Deviation>
0.008550 0.006855 0.007999 0.007392 0.016124 0.017962 0.016470 0.015573 0.015792 
<LogVarVal> 45.195316
<Mixture> 2 <Weight> 0.333333
<Mean>
1441.395752 55.664783 -29.260309 -152.556702 79.916100 4.764593 120.043579 18.953508 -11.314221 
<Inverted_Deviation>
0.015336 0.005530 0.007039 0.008029 0.015842 0.017984 0.019323 0.017157 0.017047 
<LogVarVal> 44.554340
<TransP>
-0.223144 -1.609438 -10000000000.000000 
-10000000000.000000 -0.287682 -1.386294 
-10000000000.000000 -10000000000.000000 0.000000 
<EndEmbeddedHMM>
<BeginEmbeddedHMM>
<NumStates> 6
<State> 0
<NumMixes> 3
<Mixture> 0 <Weight> 0.444444
<Mean>
1620.291626 132.326187 6.301927 -240.560547 -30.535120 -3.310119 91.733192 -34.115486 -9.370808 
<Inverted_Deviation>
0.005631 0.035217 0.028308 0.004233 0.010548 0.022798 0.006294 0.027665 0.026440 
<LogVarVal> 43.327690
<Mixture> 1 <Weight> 0.333333
<Mean>
1199.972168 -85.387840 -81.017265 -111.346603 -68.499969 36.067055 -171.567657 66.954742 20.468000 
<Inverted_Deviation>
0.006577 0.004236 0.006352 0.010614 0.026643 0.009859 0.011714 0.012598 0.039716 
<LogVarVal> 45.536106
<Mixture> 2 <Weight> 0.222222
<Mean>
1448.083252 -369.132385 -375.992004 -239.571747 50.158409 35.032890 25.736881 -58.189667 34.427265 
<Inverted_Deviation>
0.006443 0.070711 0.035973 0.016909 0.007518 0.012617 0.008154 0.011171 0.070711 
<LogVarVal> 41.466000
<State> 1
<NumMixes> 3
<Mixture> 0 <Weight> 0.333333
<Mean>
1592.625000 -161.506226 -39.754379 -193.650650 -12.535187 6.993108 102.531799 44.013332 17.011242 
<Inverted_Deviation>
0.006653 0.070711 0.029425 0.004654 0.008601 0.020771 0.035317 0.028240 0.013467 
<LogVarVal> 41.557190
<Mixture> 1 <Weight> 0.500000
<Mean>
1413.666748 -110.227921 63.403137 41.296684 -20.446175 -33.598537 5.155965 -78.148445 -23.655128 
<Inverted_Deviation>
0.011270 0.008485 0.011123 0.012499 0.016677 0.013889 0.006176 0.007355 0.008209 
<LogVarVal> 46.459595
<Mixture> 2 <Weight> 0.166667
<Mean>
1628.416626 -67.217873 140.383896 -388.971161 -24.250145 71.184204 69.900787 -51.370094 -12.911056 
<Inverted_Deviation>
0.070711 0.070711 0.070711 0.070711 0.070711 0.070711 0.070711 0.070711 0.070711 
<LogVarVal> 28.993713
<State> 2
<NumMixes> 3
<Mixture> 0 <Weight> 0.333333
<Mean>
2054.916504 -161.250519 -185.791107 -234.176514 33.781914 41.308243 9.311886 25.090490 28.909021 
<Inverted_Deviation>
0.006018 0.064685 0.048340 0.061365 0.022916 0.019353 0.009223 0.031190 0.020359 
<LogVarVal> 38.591702
<Mixture> 1 <Weight> 0.500000
<Mean>
1781.111084 -175.485962 -5.096428 -8.659637 72.676651 -25.665113 100.830803 -11.815031 -9.914314 
<Inverted_Deviation>
0.014310 0.008002 0.009185 0.006083 0.024144 0.014570 0.038441 0.047864 0.070711 
<LogVarVal> 40.918388
<Mixture> 2 <Weight> 0.166667
<Mean>
2013.833252 -272.620972 122.213249 -271.345978 -36.788811 -27.191833 0.467308 119.672241 -20.844067 
<Inverted_Deviation>
0.070711 0.070711 0.070711 0.070711 0.070711 0.070711 0.070711 0.070711 0.070711 
<LogVarVal> 28.993713
<State> 3
<NumMixes> 3
<Mixture> 0 <Weight> 0.500000
<Mean>
1864.138916 244.903198 -17.803097 -234.021210 -37.556957 -1.413038 70.690056 -37.525291 9.018856 
<Inverted_Deviation>
0.006166 0.018728 0.018676 0.007607 0.007613 0.020513 0.019539 0.018131 0.023726 
<LogVarVal> 43.528175
<Mixture> 1 <Weight> 0.333333
<Mean>
1667.875000 219.623077 -28.421499 -32.501202 24.339203 5.960590 24.714258 91.035576 -31.419600 
<Inverted_Deviation>
0.005957 0.018134 0.019130 0.070711 0.070711 0.056170 0.011499 0.016903 0.044355 
<LogVarVal> 38.080017
<Mixture> 2 <Weight> 0.166667
<Mean>
2207.666504 198.667053 -74.118668 -264.659454 21.665176 -6.288689 -69.234123 -83.095284 23.513512 
<Inverted_Deviation>
0.070711 0.070711 0.070711 0.070711 0.070711 0.070711 0.070711 0.070711 0.070711 
<LogVarVal> 28.993713
<State> 4
<NumMixes> 3
<Mixture> 0 <Weight> 0.333333
<Mean>
1602.333252 -130.500732 87.743553 -231.068527 13.999561 -2.688475 125.858124 37.449619 -20.097942 
<Inverted_Deviation>
0.007469 0.070711 0.054231 0.003061 0.013885 0.017474 0.006482 0.019948 0.020773 
<LogVarVal> 42.552456
<Mixture> 1 <Weight> 0.500000
<Mean>
1402.305542 31.333067 98.976006 -20.107109 -42.178696 -29.281097 -67.040161 -4.257670 32.510040 
<Inverted_Deviation>
0.009542 0.006105 0.061640 0.070711 0.022387 0.027353 0.003909 0.007055 0.016888 
<LogVarVal> 42.315388
<Mixture> 2 <Weight> 0.166667
<Mean>
1715.916504 154.919022 113.714256 -427.748138 83.697571 59.901192 48.783592 14.738682 -50.495132 
<Inverted_Deviation>
0.070711 0.070711 0.070711 0.070711 0.070711 0.070711 0.070711 0.070711 0.070711 
<LogVarVal> 28.993713
<State> 5
<NumMixes> 3
<Mixture> 0 <Weight> 0.333333
<Mean>
1948.708252 -74.473557 -115.280594 -240.467575 -12.763378 12.810514 23.304295 56.781372 -27.811348 
<Inverted_Deviation>
0.006510 0.070711 0.070711 0.012694 0.007032 0.022166 0.007725 0.013185 0.018292 
<LogVarVal> 41.810459
<Mixture> 1 <Weight> 0.500000
<Mean>
1578.111084 -117.048157 -69.129631 -98.646225 114.847771 -17.700054 -28.900814 -15.180592 8.889207 
<Inverted_Deviation>
0.008279 0.005748 0.016964 0.010905 0.014624 0.024722 0.003721 0.014197 0.015649 
<LogVarVal> 45.630234
<Mixture> 2 <Weight> 0.166667
<Mean>
1884.666504 -252.764008 -23.572142 -421.374451 -70.367577 -27.962967 -44.377872 30.936815 11.233223 
<Inverted_Deviation>
0.070711 0.070711 0.070711 0.070711 0.070711 0.070711 0.070711 0.070711 0.070711 
<LogVarVal> 28.993713
<TransP>
-0.405465 -1.098612 -10000000000.000000 -10000000000.000000 -10000000000.000000 -10000000000.000000 
-10000000000.000000 -0.693147 -0.693147 -10000000000.000000 -10000000000.000000 -10000000000.000000 
-10000000000.000000 -10000000000.000000 -0.693147 -0.693147 -10000000000.000000 -10000000000.000000 
-10000000000.000000 -10000000000.000000 -10000000000.000000 -0.693147 -0.693147 -10000000000.000000 
-10000000000.000000 -10000000000.000000 -10000000000.000000 -10000000000.000000 -0.693147 -0.693147 
-10000000000.000000 -10000000000.000000 -10000000000.000000 -10000000000.000000 -10000000000.000000 0.000000 
<EndEmbeddedHMM>
<BeginEmbeddedHMM>
<NumStates> 6
<State> 0
<NumMixes> 3
<Mixture> 0 <Weight> 0.444444
<Mean>
2239.125000 -98.015030 -7.412664 15.865608 -89.824959 -90.833649 -57.284721 32.353317 -10.266770 
<Inverted_Deviation>
0.012961 0.027933 0.015652 0.004262 0.004304 0.006848 0.031713 0.015382 0.013059 
<LogVarVal> 45.086136
<Mixture> 1 <Weight> 0.333333
<Mean>
2053.666748 -79.225891 -76.209709 -267.662476 46.633965 -71.722977 -10.587231 33.198971 34.166271 
<Inverted_Deviation>
0.006796 0.003888 0.007517 0.010517 0.005377 0.005360 0.017366 0.007250 0.011210 
<LogVarVal> 49.063377
<Mixture> 2 <Weight> 0.222222
<Mean>
2341.416504 100.472565 85.838898 -85.084618 -75.596008 37.623867 -105.861038 6.024920 -34.760597 
<Inverted_Deviation>
0.070711 0.006147 0.006527 0.038707 0.004938 0.034115 0.019090 0.013618 0.013758 
<LogVarVal> 42.405746
<State> 1
<NumMixes> 3
<Mixture> 0 <Weight> 0.333333
<Mean>
2176.958252 112.944084 57.757187 108.870865 -27.464947 -50.836861 -81.210266 -32.079880 -30.859291 
<Inverted_Deviation>
0.015330 0.034498 0.041103 0.006744 0.011944 0.018029 0.014718 0.017804 0.012417 
<LogVarVal> 41.965855
<Mixture> 1 <Weight> 0.500000
<Mean>
2139.277832 24.202110 -9.706800 -257.934113 -97.584435 50.335155 -104.893066 34.747551 13.049411 
<Inverted_Deviation>
0.006151 0.016451 0.020403 0.005008 0.015168 0.017017 0.012803 0.024403 0.030591 
<LogVarVal> 43.358875
<Mixture> 2 <Weight> 0.166667
<Mean>
2246.416504 145.133545 -79.798454 226.757111 -17.041342 -14.792454 -29.139097 -75.790688 39.089630 
<Inverted_Deviation>
0.070711 0.070711 0.070711 0.070711 0.070711 0.070711 0.070711 0.070711 0.070711 
<LogVarVal> 28.993713
<State> 2
<NumMixes> 3
<Mixture> 0 <Weight> 0.500000
<Mean>
2340.833252 -166.257202 -136.805832 47.378017 -12.119175 -38.350021 -68.881775 3.618215 -8.667110 
<Inverted_Deviation>
0.011019 0.059116 0.019984 0.006404 0.024278 0.029586 0.010922 0.023590 0.070711 
<LogVarVal> 39.603069
<Mixture> 1 <Weight> 0.333333
<Mean>
2259.125000 -182.892487 147.908752 -36.943447 -58.511814 3.417600 -71.954796 -61.451847 -7.750987 
<Inverted_Deviation>
0.027703 0.023648 0.070711 0.006566 0.008164 0.070711 0.034887 0.038320 0.045960 
<LogVarVal> 37.311623
<Mixture> 2 <Weight> 0.166667
<Mean>
2139.000000 -135.058517 121.463287 197.287964 14.629377 33.980873 -57.824455 94.869370 21.721256 
<Inverted_Deviation>
0.070711 0.070711 0.070711 0.070711 0.070711 0.070711 0.070711 0.070711 0.070711 
<LogVarVal> 28.993713
<State> 3
<NumMixes> 3
<Mixture> 0 <Weight> 0.333333
<Mean>
2232.333252 158.132538 100.252884 151.666916 -40.802372 5.725876 -72.773674 -14.667324 -21.255043 
<Inverted_Deviation>
0.007923 0.070711 0.070711 0.007868 0.046445 0.017544 0.054312 0.008301 0.065955 
<LogVarVal> 37.668240
<Mixture> 1 <Weight> 0.500000
<Mean>
2353.222168 169.789886 -45.868816 -76.894234 62.445564 3.990336 -59.246822 37.561699 -4.951745 
<Inverted_Deviation>
0.007547 0.030353 0.008877 0.007055 0.011693 0.016883 0.013845 0.046431 0.036678 
<LogVarVal> 42.396416
<Mixture> 2 <Weight> 0.166667
<Mean>
2267.416504 123.373131 -109.904320 199.503708 12.509450 -31.222309 -145.520645 -29.887392 58.844376 
<Inverted_Deviation>
0.070711 0.070711 0.070711 0.070711 0.070711 0.070711 0.070711 0.070711 0.070711 
<LogVarVal> 28.993713
<State> 4
<NumMixes> 3
<Mixture> 0 <Weight> 0.500000
<Mean>
2231.222168 -84.725578 -0.832781 113.256554 57.459885 3.009727 -93.158836 20.736662 31.673981 
<Inverted_Deviation>
0.011209 0.018948 0.018804 0.006884 0.070711 0.016208 0.023069 0.016673 0.029925 
<LogVarVal> 40.704350
<Mixture> 1 <Weight> 0.333333
<Mean>
2101.125000 -24.299433 53.147415 -309.274841 14.413294 55.204758 -119.584702 -35.633976 10.291851 
<Inverted_Deviation>
0.055728 0.010046 0.070711 0.051969 0.009413 0.040347 0.050611 0.059715 0.029049 
<LogVarVal> 35.461815
<Mixture> 2 <Weight> 0.166667
<Mean>
2078.916504 -55.657333 78.503235 249.766861 -29.296452 -38.765663 -49.079853 7.795583 -70.435677 
<Inverted_Deviation>
0.070711 0.070711 0.070711 0.070711 0.070711 0.070711 0.070711 0.070711 0.070711 
<LogVarVal> 28.993713
<State> 5
<NumMixes> 3
<Mixture> 0 <Weight> 0.333333
<Mean>
2254.625000 120.652435 -94.048851 114.115112 2.627943 -46.214169 -40.440403 -43.209389 16.428202 
<Inverted_Deviation>
0.010928 0.070711 0.025132 0.014032 0.012921 0.033677 0.037789 0.030471 0.070711 
<LogVarVal> 37.422569
<Mixture> 1 <Weight> 0.500000
<Mean>
2310.694336 -62.150543 -54.655960 -107.506760 -89.775818 8.714133 -75.565323 -13.037416 -4.273718 
<Inverted_Deviation>
0.012454 0.008948 0.011393 0.006994 0.027350 0.052886 0.055984 0.068884 0.050072 
<LogVarVal> 38.781586
<Mixture> 2 <Weight> 0.166667
<Mean>
2243.500000 -34.611450 -39.984032 227.712311 12.966590 24.112009 -76.416710 -20.703489 8.632958 
<Inverted_Deviation>
0.070711 0.070711 0.070711 0.070711 0.070711 0.070711 0.070711 0.070711 0.070711 
<LogVarVal> 28.993713
<TransP>
-0.405465 -1.098612 -10000000000.000000 -10000000000.000000 -10000000000.000000 -10000000000.000000 
-10000000000.000000 -0.693147 -0.693147 -10000000000.000000 -10000000000.000000 -10000000000.000000 
-10000000000.000000 -10000000000.000000 -0.693147 -0.693147 -10000000000.000000 -10000000000.000000 
-10000000000.000000 -10000000000.000000 -10000000000.000000 -0.693147 -0.693147 -10000000000.000000 
-10000000000.000000 -10000000000.000000 -10000000000.000000 -10000000000.000000 -0.693147 -0.693147 
-10000000000.000000 -10000000000.000000 -10000000000.000000 -10000000000.000000 -10000000000.000000 0.000000 
<EndEmbeddedHMM>
<BeginEmbeddedHMM>
<NumStates> 6
<State> 0
<NumMixes> 3
<Mixture> 0 <Weight> 0.222222
<Mean>
1777.666504 31.238316 -25.267385 110.663147 -40.287521 18.700796 25.322327 -2.957342 -8.421045 
<Inverted_Deviation>
0.010527 0.070711 0.070711 0.025694 0.038005 0.043019 0.070711 0.014921 0.011174 
<LogVarVal> 36.429310
<Mixture> 1 <Weight> 0.444444
<Mean>
2046.291626 126.033760 111.839569 132.605789 -50.834782 -20.425468 -13.168386 -54.985508 -23.507088 
<Inverted_Deviation>
0.007967 0.005913 0.007979 0.006506 0.004249 0.008776 0.008163 0.010851 0.018427 
<LogVarVal> 48.502815
<Mixture> 2 <Weight> 0.333333
<Mean>
2351.472168 420.598083 23.159063 91.485474 14.850533 53.887360 -83.114075 -64.317192 38.406105 
<Inverted_Deviation>
0.006036 0.016166 0.010863 0.003659 0.006217 0.005620 0.005168 0.014732 0.014047 
<LogVarVal> 48.529148
<State> 1
<NumMixes> 3
<Mixture> 0 <Weight> 0.333333
<Mean>
1671.666626 76.369064 -63.529793 150.481949 34.144547 -43.630318 4.250879 -7.115799 48.059128 
<Inverted_Deviation>
0.007952 0.032760 0.070711 0.024282 0.023850 0.011630 0.070711 0.005403 0.005987 
<LogVarVal> 40.949516
<Mixture> 1 <Weight> 0.500000
<Mean>
1939.805542 76.532616 -9.080868 155.074203 50.998680 18.080410 16.460361 49.206619 -16.366398 
<Inverted_Deviation>
0.008096 0.014582 0.021464 0.070711 0.009331 0.006539 0.013440 0.009466 0.024934 
<LogVarVal> 43.051693
<Mixture> 2 <Weight> 0.166667
<Mean>
1690.749878 23.596706 22.865000 158.241135 -109.666199 27.320957 62.419327 -61.652538 -52.067085 
<Inverted_Deviation>
0.070711 0.070711 0.070711 0.070711 0.070711 0.070711 0.070711 0.070711 0.070711 
<LogVarVal> 28.993713
<State> 2
<NumMixes> 3
<Mixture> 0 <Weight> 0.333333
<Mean>
1551.125000 -7.434705 4.914767 94.883865 -6.818474 -5.729310 57.671150 -10.561444 -14.136239 
<Inverted_Deviation>
0.005335 0.070711 0.070711 0.026098 0.024470 0.021311 0.003300 0.051657 0.070711 
<LogVarVal> 38.213970
<Mixture> 1 <Weight> 0.500000
<Mean>
1846.722046 -16.730053 40.357788 258.286469 -115.015091 -8.330160 28.977682 -57.902267 -20.088673 
<Inverted_Deviation>
0.008495 0.011506 0.010138 0.005364 0.008720 0.016118 0.011775 0.006317 0.009827 
<LogVarVal> 47.202869
<Mixture> 2 <Weight> 0.166667
<Mean>
1504.166626 112.091728 58.175320 150.893661 108.347786 31.221409 -73.848549 103.136597 91.397736 
<Inverted_Deviation>
0.070711 0.070711 0.070711 0.070711 0.070711 0.070711 0.070711 0.070711 0.070711 
<LogVarVal> 28.993713
<State> 3
<NumMixes> 3
<Mixture> 0 <Weight> 0.333333
<Mean>
1667.750000 26.628822 -10.431991 135.655029 7.835158 14.525997 171.245270 106.457603 -41.351997 
<Inverted_Deviation>
0.035511 0.040695 0.070711 0.070711 0.070711 0.045526 0.009561 0.010165 0.035382 
<LogVarVal> 35.308281
<Mixture> 1 <Weight> 0.333333
<Mean>
1899.208252 71.622498 -1.033464 349.754822 138.271606 -28.520605 -1.537874 -15.473800 7.337898 
<Inverted_Deviation>
0.023215 0.070711 0.011186 0.010518 0.016033 0.011521 0.025307 0.028141 0.016932 
<LogVarVal> 40.533577
<Mixture> 2 <Weight> 0.333333
<Mean>
1481.375000 -56.472561 10.702646 44.584709 1.104600 -4.745671 -36.879616 -104.284065 39.875420 
<Inverted_Deviation>
0.021030 0.034629 0.070711 0.070711 0.070711 0.070711 0.011330 0.013482 0.070711 
<LogVarVal> 34.408665
<State> 4
<NumMixes> 3
<Mixture> 0 <Weight> 0.333333
<Mean>
1698.875000 -111.380524 45.064331 49.700779 26.691319 -5.439253 36.403839 14.922024 -34.658218 
<Inverted_Deviation>
0.069928 0.026420 0.070711 0.013214 0.040709 0.014307 0.014441 0.005344 0.059192 
<LogVarVal> 38.165474
<Mixture> 1 <Weight> 0.500000
<Mean>
1802.194336 -52.389809 22.724533 180.019470 -36.109921 11.142786 52.871304 16.265022 33.442123 
<Inverted_Deviation>
0.005700 0.015091 0.024445 0.023508 0.022879 0.009786 0.022930 0.013515 0.009130 
<LogVarVal> 43.153774
<Mixture> 2 <Weight> 0.166667
<Mean>
1585.833252 -56.330940 -11.038667 5.415458 43.143181 -25.152180 118.383156 -70.712723 -108.517128 
<Inverted_Deviation>
0.070711 0.070711 0.070711 0.070711 0.070711 0.070711 0.070711 0.070711 0.070711 
<LogVarVal> 28.993713
<State> 5
<NumMixes> 3
<Mixture> 0 <Weight> 0.333333
<Mean>
1846.958252 23.468065 -68.547089 80.176254 -70.170372 67.803223 -46.624725 32.204903 10.475744 
<Inverted_Deviation>
0.009793 0.024631 0.025053 0.013144 0.015276 0.070711 0.007597 0.015352 0.009865 
<LogVarVal> 42.005585
<Mixture> 1 <Weight> 0.500000
<Mean>
1946.833374 -41.062771 -41.159004 154.947800 67.407585 -7.778515 57.153465 3.501873 -18.940952 
<Inverted_Deviation>
0.007803 0.012025 0.032035 0.009985 0.019471 0.020377 0.049765 0.034279 0.027290 
<LogVarVal> 40.279907
<Mixture> 2 <Weight> 0.166667
<Mean>
1742.416626 -63.201366 -51.777039 23.661030 -71.259583 4.095181 -50.781990 133.732803 59.012066 
<Inverted_Deviation>
0.070711 0.070711 0.070711 0.070711 0.070711 0.070711 0.070711 0.070711 0.070711 
<LogVarVal> 28.993713
<TransP>
-0.405465 -1.098612 -10000000000.000000 -10000000000.000000 -10000000000.000000 -10000000000.000000 
-10000000000.000000 -0.693147 -0.693147 -10000000000.000000 -10000000000.000000 -10000000000.000000 
-10000000000.000000 -10000000000.000000 -0.693147 -0.693147 -10000000000.000000 -10000000000.000000 
-10000000000.000000 -10000000000.000000 -10000000000.000000 -0.693147 -0.693147 -10000000000.000000 
-10000000000.000000 -10000000000.000000 -10000000000.000000 -10000000000.000000 -0.693147 -0.693147 
-10000000000.000000 -10000000000.000000 -10000000000.000000 -10000000000.000000 -10000000000.000000 0.000000 
<EndEmbeddedHMM>
<BeginEmbeddedHMM>
<NumStates> 3
<State> 0
<NumMixes> 3
<Mixture> 0 <Weight> 0.333333
<Mean>
1554.766602 -154.209213 -62.617023 -15.475020 120.411720 31.405659 -29.744642 73.148506 53.626049 
<Inverted_Deviation>
0.010939 0.006319 0.008087 0.009369 0.009481 0.005504 0.010302 0.011270 0.047031 
<LogVarVal> 46.197346
<Mixture> 1 <Weight> 0.133333
<Mean>
1786.083252 97.980499 -6.252471 355.847931 254.031586 85.172272 173.267014 75.224335 -85.826294 
<Inverted_Deviation>
0.012387 0.070711 0.070711 0.006014 0.006902 0.006819 0.069681 0.006438 0.006932 
<LogVarVal> 42.599453
<Mixture> 2 <Weight> 0.533333
<Mean>
1591.895752 41.364693 0.939866 -10.912439 -34.037594 -7.348139 26.917934 -25.431870 -7.789355 
<Inverted_Deviation>
0.017871 0.011949 0.010395 0.012038 0.009238 0.011178 0.012426 0.013772 0.009465 
<LogVarVal> 45.100555
<State> 1
<NumMixes> 3
<Mixture> 0 <Weight> 0.181818
<Mean>
1668.791626 -46.825943 -32.820225 -58.594219 130.924423 14.147079 3.163090 13.362808 -7.389529 
<Inverted_Deviation>
0.009100 0.025709 0.024389 0.010456 0.070711 0.016291 0.007272 0.012950 0.021119 
<LogVarVal> 41.680176
<Mixture> 1 <Weight> 0.272727
<Mean>
1516.805542 4.430540 16.938778 -18.978783 -4.207553 -23.738789 175.557251 18.407612 -1.894801 
<Inverted_Deviation>
0.046829 0.018841 0.070711 0.036535 0.015694 0.053661 0.038390 0.055381 0.025056 
<LogVarVal> 35.062553
<Mixture> 2 <Weight> 0.545455
<Mean>
1655.388916 -24.339466 26.185295 -185.063782 -16.706156 17.962950 -67.587570 -2.947772 -15.781398 
<Inverted_Deviation>
0.008057 0.008825 0.034767 0.008466 0.025602 0.018870 0.053082 0.020597 0.058642 
<LogVarVal> 40.123451
<State> 2
<NumMixes> 3
<Mixture> 0 <Weight> 0.538462
<Mean>
1719.630981 35.186829 -50.242153 1.240874 -130.603943 18.489552 -53.262428 1.808703 21.811749 
<Inverted_Deviation>
0.008964 0.007406 0.022227 0.005963 0.007122 0.010217 0.018971 0.012234 0.042047 
<LogVarVal> 44.765530
<Mixture> 1 <Weight> 0.153846
<Mean>
1007.291626 190.026657 119.551376 220.224594 -48.956039 -77.083710 70.600365 1.218742 -56.874481 
<Inverted_Deviation>
0.005312 0.070711 0.013588 0.007601 0.062201 0.009804 0.031305 0.013004 0.019704 
<LogVarVal> 41.352127
<Mixture> 2 <Weight> 0.307692
<Mean>
1425.083252 293.111359 -32.827385 203.356918 -38.695675 -23.097996 3.224718 -52.442368 6.858840 
<Inverted_Deviation>
0.004826 0.006111 0.010607 0.006320 0.009657 0.010261 0.015383 0.023760 0.014122 
<LogVarVal> 46.586628
<TransP>
-0.223144 -1.609438 -10000000000.000000 
-10000000000.000000 -0.318454 -1.299283 
-10000000000.000000 -10000000000.000000 0.000000 
<EndEmbeddedHMM>
