<NumSuperStates> 5
<NumStates> 3 6 6 6 3 
<NumMixtures> 3 3 3 3 3 3 3 3 3 3 3 3 3 3 3 3 3 3 3 3 3 3 3 3 
<VecSize> 9
<BeginExternalHMM>
<NumStates> 5
<TransP>
-0.405465 -1.098612 -10000000000.000000 -10000000000.000000 -10000000000.000000 
-10000000000.000000 -0.405465 -1.098612 -10000000000.000000 -10000000000.000000 
-10000000000.000000 -10000000000.000000 -0.405465 -1.098612 -10000000000.000000 
-10000000000.000000 -10000000000.000000 -10000000000.000000 -0.405465 -1.098612 
-10000000000.000000 -10000000000.000000 -10000000000.000000 -10000000000.000000 0.000000 
<EndExternalHMM>
<BeginEmbeddedHMM>
<NumStates> 3
<State> 0
<NumMixes> 3
<Mixture> 0 <Weight> 0.266667
<Mean>
649.145813 -53.040169 -17.304441 -451.588074 40.065205 27.783897 197.152130 4.685354 -15.337538 
<Inverted_Deviation>
0.011457 0.010728 0.023583 0.012589 0.007307 0.018875 0.030062 0.017680 0.034925 
<LogVarVal> 42.060627
<Mixture> 1 <Weight> 0.466667
<Mean>
340.523804 -57.632092 9.898306 -77.692596 58.506306 -0.864193 39.227711 2.003468 -9.930318 
<Inverted_Deviation>
0.008466 0.009079 0.045639 0.009596 0.012849 0.023327 0.010396 0.009044 0.019039 
<LogVarVal> 43.704025
<Mixture> 2 <Weight> 0.266667
<Mean>
899.937439 -85.502533 -19.216770 -253.171722 19.476858 2.500174 -321.798431 4.942223 33.301167 
<Inverted_Deviation>
0.006767 0.013198 0.026800 0.019908 0.021594 0.024901 0.011999 0.005790 0.015165 
<LogVarVal> 43.302147
<State> 1
<NumMixes> 3
<Mixture> 0 <Weight> 0.285714
<Mean>
760.645813 -16.846237 -6.913866 -430.096771 -17.821657 -5.605739 90.603493 30.967075 12.539195 
<Inverted_Deviation>
0.018867 0.017248 0.020843 0.041247 0.017675 0.015376 0.011441 0.012975 0.013052 
<LogVarVal> 41.605331
<Mixture> 1 <Weight> 0.428571
<Mean>
438.125000 -19.780224 -8.223639 -172.653000 9.108036 8.993776 96.883324 -0.356201 -1.476640 
<Inverted_Deviation>
0.012403 0.022731 0.014836 0.019294 0.020699 0.011563 0.030830 0.019989 0.015816 
<LogVarVal> 41.359951
<Mixture> 2 <Weight> 0.285714
<Mean>
988.062500 30.301682 -2.008315 -162.256210 -69.743332 -16.169971 -246.335907 -2.267714 -8.947045 
<Inverted_Deviation>
0.019388 0.042983 0.020203 0.005705 0.008440 0.010800 0.042001 0.011445 0.011816 
<LogVarVal> 42.691086
<State> 2
<NumMixes> 3
<Mixture> 0 <Weight> 0.100000
<Mean>
979.583313 -105.291054 82.083961 -22.877085 72.841675 65.922920 -167.756653 -4.491576 26.435146 
<Inverted_Deviation>
0.070711 0.070711 0.070711 0.070711 0.070711 0.070711 0.070711 0.070711 0.070711 
<LogVarVal> 28.993713
<Mixture> 1 <Weight> 0.400000
<Mean>
452.583313 117.321503 83.034180 -66.101845 -112.844551 -21.325642 24.901318 20.658724 -9.446553 
<Inverted_Deviation>
0.017540 0.008118 0.012323 0.017161 0.027689 0.019089 0.034143 0.037592 0.038097 
<LogVarVal> 39.940796
<Mixture> 2 <Weight> 0.500000
<Mean>
797.283325 120.007690 -65.921486 -230.593613 -26.954172 20.851868 -38.274128 -37.300503 -9.358792 
<Inverted_Deviation>
0.006214 0.004721 0.008466 0.007096 0.008739 0.014257 0.016938 0.016664 0.014511 
<LogVarVal> 46.703915
<TransP>
-0.223144 -1.609438 -10000000000.000000 
-10000000000.000000 -0.241162 -1.540445 
-10000000000.000000 -10000000000.000000 0.000000 
<EndEmbeddedHMM>
<BeginEmbeddedHMM>
<NumStates> 6
<State> 0
<NumMixes> 3
<Mixture> 0 <Weight> 0.444444
<Mean>
943.749939 36.668507 16.724752 -2.303756 -37.538635 -27.146532 21.425398 -8.525744 0.475427 
<Inverted_Deviation>
0.016053 0.018322 0.014477 0.021027 0.014854 0.047557 0.008291 0.017561 0.023011 
<LogVarVal> 41.241596
<Mixture> 1 <Weight> 0.222222
<Mean>
1049.708252 -96.183060 -53.559204 87.366295 -117.105164 -40.850117 116.777710 -32.104755 -45.412090 
<Inverted_Deviation>
0.011728 0.009822 0.056494 0.010993 0.012274 0.047784 0.070711 0.011166 0.021694 
<LogVarVal> 40.020283
<Mixture> 2 <Weight> 0.333333
<Mean>
850.194458 -188.453094 -93.122299 -102.956375 -73.795418 45.465416 15.872307 -24.859539 18.486145 
<Inverted_Deviation>
0.007100 0.009567 0.015617 0.070711 0.070711 0.017031 0.027213 0.017487 0.027961 
<LogVarVal> 39.506054
<State> 1
<NumMixes> 3
<Mixture> 0 <Weight> 0.333333
<Mean>
1223.416626 -213.315979 18.324986 -100.863686 80.871086 -22.338469 55.530094 -4.844767 -11.288060 
<Inverted_Deviation>
0.015045 0.023963 0.043729 0.008868 0.070711 0.053945 0.015629 0.013811 0.070711 
<LogVarVal> 37.593410
<Mixture> 1 <Weight> 0.500000
<Mean>
1113.916748 -80.994476 18.178246 115.277634 50.046417 -10.753426 7.033422 24.916357 8.876904 
<Inverted_Deviation>
0.007390 0.013636 0.031736 0.015176 0.032655 0.070711 0.016766 0.007521 0.033674 
<LogVarVal> 40.432594
<Mixture> 2 <Weight> 0.166667
<Mean>
1032.166626 -154.810165 34.886448 -73.462364 90.019257 17.676792 89.940208 60.244465 19.359829 
<Inverted_Deviation>
0.070711 0.070711 0.070711 0.070711 0.070711 0.070711 0.070711 0.070711 0.070711 
<LogVarVal> 28.993713
<State> 2
<NumMixes> 3
<Mixture> 0 <Weight> 0.333333
<Mean>
1323.500000 165.889069 -65.304092 -202.699402 -10.516185 25.338617 54.008564 -0.790638 -8.395618 
<Inverted_Deviation>
0.006419 0.043512 0.070711 0.009977 0.070711 0.070711 0.020284 0.009859 0.030214 
<LogVarVal> 37.906239
<Mixture> 1 <Weight> 0.500000
<Mean>
1238.583374 4.412292 -52.191223 24.142698 1.892784 38.074783 37.579605 -56.950127 17.079184 
<Inverted_Deviation>
0.019813 0.015570 0.019157 0.009149 0.010879 0.027978 0.009291 0.012670 0.028032 
<LogVarVal> 42.603233
<Mixture> 2 <Weight> 0.166667
<Mean>
1437.250000 -117.774597 -119.630524 -249.366608 53.641792 12.803268 -6.811004 10.420869 38.660412 
<Inverted_Deviation>
0.070711 0.070711 0.070711 0.070711 0.070711 0.070711 0.070711 0.070711 0.070711 
<LogVarVal> 28.993713
<State> 3
<NumMixes> 3
<Mixture> 0 <Weight> 0.333333
<Mean>
1013.958252 28.517609 88.135971 -121.274384 -43.901043 -17.875748 61.898598 -12.801945 1.938196 
<Inverted_Deviation>
0.006349 0.044136 0.070711 0.013083 0.070711 0.069830 0.005114 0.016494 0.013882 
<LogVarVal> 39.285427
<Mixture> 1 <Weight> 0.500000
<Mean>
1043.277832 115.793419 38.031704 30.889174 9.488495 -5.395966 86.962433 31.731411 -29.784702 
<Inverted_Deviation>
0.022398 0.009663 0.019837 0.007160 0.021642 0.014307 0.010370 0.009945 0.018517 
<LogVarVal> 43.697525
<Mixture> 2 <Weight> 0.166667
<Mean>
1254.250000 199.943939 29.762711 -225.980453 -65.432892 12.852229 118.447525 -101.270828 7.760148 
<Inverted_Deviation>
0.070711 0.070711 0.070711 0.070711 0.070711 0.070711 0.070711 0.070711 0.070711 
<LogVarVal> 28.993713
<State> 4
<NumMixes> 3
<Mixture> 0 <Weight> 0.333333
<Mean>
1266.958252 -209.295837 -9.190661 -141.388580 56.654099 -3.831881 51.728359 33.143188 -11.892624 
<Inverted_Deviation>
0.006941 0.052815 0.053628 0.015659 0.025323 0.034773 0.008597 0.010526 0.032050 
<LogVarVal> 39.930595
<Mixture> 1 <Weight> 0.500000
<Mean>
1060.138916 -113.331009 -1.714240 -5.737957 36.353474 -46.405594 27.523357 1.830977 5.646920 
<Inverted_Deviation>
0.010511 0.014813 0.012493 0.014932 0.011577 0.020411 0.009694 0.016410 0.036241 
<LogVarVal> 42.919701
<Mixture> 2 <Weight> 0.166667
<Mean>
1171.500000 -140.048737 60.365944 -162.114227 27.507668 -18.463938 205.902481 53.346806 -40.192299 
<Inverted_Deviation>
0.070711 0.070711 0.070711 0.070711 0.070711 0.070711 0.070711 0.070711 0.070711 
<LogVarVal> 28.993713
<State> 5
<NumMixes> 3
<Mixture> 0 <Weight> 0.333333
<Mean>
978.999939 536.570496 -149.679153 -192.505142 -69.743675 108.213036 -6.790357 -4.613024 26.758623 
<Inverted_Deviation>
0.006409 0.016017 0.011870 0.053397 0.070711 0.018731 0.070711 0.049155 0.044615 
<LogVarVal> 37.097561
<Mixture> 1 <Weight> 0.333333
<Mean>
831.666626 327.531067 -51.645824 -155.009216 19.850147 102.515800 47.260677 -5.724757 3.955637 
<Inverted_Deviation>
0.004381 0.011468 0.006429 0.070711 0.005218 0.039266 0.062319 0.070711 0.018970 
<LogVarVal> 40.628597
<Mixture> 2 <Weight> 0.333333
<Mean>
1323.083252 37.046341 -195.032715 -233.265808 92.519249 -21.221214 10.478042 46.105846 12.650398 
<Inverted_Deviation>
0.005177 0.015571 0.070711 0.070711 0.012555 0.066145 0.052902 0.015581 0.070711 
<LogVarVal> 36.719227
<TransP>
-0.405465 -1.098612 -10000000000.000000 -10000000000.000000 -10000000000.000000 -10000000000.000000 
-10000000000.000000 -0.693147 -0.693147 -10000000000.000000 -10000000000.000000 -10000000000.000000 
-10000000000.000000 -10000000000.000000 -0.693147 -0.693147 -10000000000.000000 -10000000000.000000 
-10000000000.000000 -10000000000.000000 -10000000000.000000 -0.693147 -0.693147 -10000000000.000000 
-10000000000.000000 -10000000000.000000 -10000000000.000000 -10000000000.000000 -0.693147 -0.693147 
-10000000000.000000 -10000000000.000000 -10000000000.000000 -10000000000.000000 -10000000000.000000 0.000000 
<EndEmbeddedHMM>
<BeginEmbeddedHMM>
<NumStates> 6
<State> 0
<NumMixes> 3
<Mixture> 0 <Weight> 0.444444
<Mean>
1517.291504 5.785702 -12.982423 -123.907417 24.855751 47.660576 -77.906456 5.522241 -6.861525 
<Inverted_Deviation>
0.009343 0.018735 0.019194 0.006198 0.010266 0.026992 0.070711 0.024006 0.030103 
<LogVarVal> 40.911430
<Mixture> 1 <Weight> 0.333333
<Mean>
1149.138916 -6.373012 -29.967579 -267.229309 48.527283 26.731464 45.351650 -20.530926 -6.285879 
<Inverted_Deviation>
0.062745 0.006519 0.005776 0.012865 0.016469 0.028773 0.033115 0.047432 0.056329 
<LogVarVal> 39.447765
<Mixture> 2 <Weight> 0.222222
<Mean>
1306.416626 -293.906372 -180.898590 -27.945852 76.675400 -48.250572 -42.939308 37.915070 41.825478 
<Inverted_Deviation>
0.026683 0.018519 0.025671 0.011757 0.012096 0.012406 0.020315 0.031209 0.059166 
<LogVarVal> 39.864994
<State> 1
<NumMixes> 3
<Mixture> 0 <Weight> 0.333333
<Mean>
1595.250000 -137.329300 137.160538 8.750971 -22.447927 -35.188114 -51.940777 -24.137547 -27.064846 
<Inverted_Deviation>
0.070711 0.025406 0.070711 0.010667 0.015254 0.017148 0.048034 0.014131 0.014603 
<LogVarVal> 38.433464
<Mixture> 1 <Weight> 0.500000
<Mean>
1371.527710 -141.714325 5.005322 -196.986725 -112.900780 7.983381 -24.527740 45.556847 6.889476 
<Inverted_Deviation>
0.006074 0.008479 0.016955 0.014440 0.026436 0.025248 0.013522 0.034859 0.021659 
<LogVarVal> 42.144344
<Mixture> 2 <Weight> 0.166667
<Mean>
1536.166626 73.241745 1.455330 19.362432 -65.189529 -81.021889 -33.664204 -71.974869 22.877346 
<Inverted_Deviation>
0.070711 0.070711 0.070711 0.070711 0.070711 0.070711 0.070711 0.070711 0.070711 
<LogVarVal> 28.993713
<State> 2
<NumMixes> 3
<Mixture> 0 <Weight> 0.333333
<Mean>
1776.458252 98.417130 -144.062012 40.467445 -20.476742 8.898335 -57.704426 1.561726 24.196926 
<Inverted_Deviation>
0.033343 0.055995 0.070711 0.012738 0.070711 0.017514 0.058964 0.009306 0.014133 
<LogVarVal> 36.908112
<Mixture> 1 <Weight> 0.500000
<Mean>
1689.861084 -82.448715 -97.472031 -112.287216 54.910748 -14.748577 -57.834679 -3.672552 -13.158598 
<Inverted_Deviation>
0.016300 0.004698 0.060712 0.010187 0.025134 0.021690 0.032618 0.039484 0.028211 
<LogVarVal> 39.753925
<Mixture> 2 <Weight> 0.166667
<Mean>
1705.249878 -193.963181 -82.014763 85.259575 -30.027184 36.290043 -67.348549 86.082230 29.236000 
<Inverted_Deviation>
0.070711 0.070711 0.070711 0.070711 0.070711 0.070711 0.070711 0.070711 0.070711 
<LogVarVal> 28.993713
<State> 3
<NumMixes> 3
<Mixture> 0 <Weight> 0.500000
<Mean>
1599.250000 46.293762 91.341087 21.292822 28.402523 -48.263256 -105.876923 44.714203 19.429253 
<Inverted_Deviation>
0.013705 0.006638 0.037486 0.007034 0.015000 0.024607 0.012481 0.018601 0.032126 
<LogVarVal> 42.407616
<Mixture> 1 <Weight> 0.333333
<Mean>
1429.375000 134.846146 63.041832 -323.374847 60.641609 21.475592 -69.484711 -8.978055 7.961109 
<Inverted_Deviation>
0.010036 0.008255 0.023909 0.023856 0.030392 0.023599 0.070711 0.070711 0.070711 
<LogVarVal> 37.206627
<Mixture> 2 <Weight> 0.166667
<Mean>
1624.333252 199.610382 58.190041 163.477234 -48.778656 35.973103 -43.193691 -46.577812 -78.446625 
<Inverted_Deviation>
0.070711 0.070711 0.070711 0.070711 0.070711 0.070711 0.070711 0.070711 0.070711 
<LogVarVal> 28.993713
<State> 4
<NumMixes> 3
<Mixture> 0 <Weight> 0.333333
<Mean>
1744.916504 -65.249298 -23.998579 30.462132 -46.827477 10.631021 -73.695236 -35.630898 1.166373 
<Inverted_Deviation>
0.046077 0.027794 0.070711 0.006976 0.015212 0.070711 0.061156 0.070711 0.070711 
<LogVarVal> 34.353626
<Mixture> 1 <Weight> 0.500000
<Mean>
1537.861084 -153.452118 13.282798 -240.162476 -53.776928 32.392250 -97.482536 -9.511978 -8.188853 
<Inverted_Deviation>
0.007024 0.025252 0.024831 0.007161 0.014804 0.026032 0.022953 0.021867 0.070711 
<LogVarVal> 40.530815
<Mixture> 2 <Weight> 0.166667
<Mean>
1610.666626 -152.528839 -48.829872 175.945297 59.926559 38.812729 -69.909554 13.005750 35.641872 
<Inverted_Deviation>
0.070711 0.070711 0.070711 0.070711 0.070711 0.070711 0.070711 0.070711 0.070711 
<LogVarVal> 28.993713
<State> 5
<NumMixes> 3
<Mixture> 0 <Weight> 0.500000
<Mean>
1298.416748 531.152100 -187.475616 -50.196289 88.265015 -59.485802 -22.481817 -31.906277 8.313053 
<Inverted_Deviation>
0.014089 0.008127 0.012093 0.026943 0.007773 0.019043 0.022569 0.020691 0.029385 
<LogVarVal> 42.270061
<Mixture> 1 <Weight> 0.166667
<Mean>
1661.499878 -4.230721 -141.067520 -160.781250 -82.493774 -33.368443 -89.484283 -7.546388 10.478845 
<Inverted_Deviation>
0.070711 0.070711 0.070711 0.070711 0.070711 0.070711 0.070711 0.070711 0.070711 
<LogVarVal> 28.993713
<Mixture> 2 <Weight> 0.333333
<Mean>
1716.583252 86.519302 -90.462540 66.051735 -26.411068 -27.430851 -41.313213 -24.794956 -10.158973 
<Inverted_Deviation>
0.020107 0.049813 0.049915 0.012351 0.019471 0.052862 0.057768 0.070711 0.070711 
<LogVarVal> 34.477444
<TransP>
-0.405465 -1.098612 -10000000000.000000 -10000000000.000000 -10000000000.000000 -10000000000.000000 
-10000000000.000000 -0.693147 -0.693147 -10000000000.000000 -10000000000.000000 -10000000000.000000 
-10000000000.000000 -10000000000.000000 -0.693147 -0.693147 -10000000000.000000 -10000000000.000000 
-10000000000.000000 -10000000000.000000 -10000000000.000000 -0.693147 -0.693147 -10000000000.000000 
-10000000000.000000 -10000000000.000000 -10000000000.000000 -10000000000.000000 -0.693147 -0.693147 
-10000000000.000000 -10000000000.000000 -10000000000.000000 -10000000000.000000 -10000000000.000000 0.000000 
<EndEmbeddedHMM>
<BeginEmbeddedHMM>
<NumStates> 6
<State> 0
<NumMixes> 3
<Mixture> 0 <Weight> 0.111111
<Mean>
1322.916626 11.326489 -52.352776 140.621841 -61.543011 24.801184 -54.938877 77.521629 -58.977554 
<Inverted_Deviation>
0.070711 0.070711 0.070711 0.070711 0.070711 0.070711 0.070711 0.070711 0.070711 
<LogVarVal> 28.993713
<Mixture> 1 <Weight> 0.444444
<Mean>
1489.666504 -55.185509 -60.831612 107.406357 27.692110 -15.818047 -1.203192 -4.049795 11.418133 
<Inverted_Deviation>
0.010615 0.008661 0.070711 0.037394 0.021909 0.033146 0.034460 0.021351 0.041158 
<LogVarVal> 38.013760
<Mixture> 2 <Weight> 0.444444
<Mean>
1205.500000 -206.236908 -17.907524 71.211555 -51.873901 -30.181028 0.487486 -2.162584 -8.305553 
<Inverted_Deviation>
0.011416 0.010192 0.017658 0.045151 0.027086 0.022694 0.043469 0.070711 0.035373 
<LogVarVal> 37.865658
<State> 1
<NumMixes> 3
<Mixture> 0 <Weight> 0.333333
<Mean>
1203.958252 114.615753 40.912617 84.680634 -13.102974 42.106033 -26.681568 -64.832565 13.569256 
<Inverted_Deviation>
0.007318 0.027573 0.030784 0.070711 0.006783 0.070711 0.004746 0.011504 0.070711 
<LogVarVal> 39.896652
<Mixture> 1 <Weight> 0.500000
<Mean>
1426.916748 89.396225 30.388159 118.743698 -45.639397 64.938133 2.504041 16.049330 -10.335236 
<Inverted_Deviation>
0.024686 0.010114 0.009928 0.010426 0.008657 0.027699 0.029389 0.013188 0.013093 
<LogVarVal> 43.149448
<Mixture> 2 <Weight> 0.166667
<Mean>
1251.166626 124.923363 -37.152824 123.152618 33.836437 -87.858070 -112.688759 79.445503 51.803516 
<Inverted_Deviation>
0.070711 0.070711 0.070711 0.070711 0.070711 0.070711 0.070711 0.070711 0.070711 
<LogVarVal> 28.993713
<State> 2
<NumMixes> 3
<Mixture> 0 <Weight> 0.333333
<Mean>
1235.416626 -8.167061 -3.497322 176.826874 -19.061796 -50.811462 235.839066 -24.714878 -45.766365 
<Inverted_Deviation>
0.070711 0.070711 0.070711 0.050898 0.012557 0.028729 0.043820 0.012647 0.070711 
<LogVarVal> 34.151119
<Mixture> 1 <Weight> 0.333333
<Mean>
1439.791504 -25.826468 -67.517914 355.247742 -24.303589 -93.359833 -85.170792 4.483818 24.307072 
<Inverted_Deviation>
0.063056 0.008269 0.044555 0.056119 0.005526 0.052112 0.070711 0.036254 0.025989 
<LogVarVal> 36.470673
<Mixture> 2 <Weight> 0.333333
<Mean>
986.583313 17.016586 32.226002 28.901634 -5.646377 4.229674 -164.683594 -7.535027 1.981358 
<Inverted_Deviation>
0.055825 0.016166 0.046796 0.070711 0.070711 0.047495 0.070711 0.070711 0.070711 
<LogVarVal> 31.516541
<State> 3
<NumMixes> 3
<Mixture> 0 <Weight> 0.333333
<Mean>
1147.333252 -24.873642 24.019781 79.522629 -14.209508 3.129904 10.049039 -4.529446 29.990490 
<Inverted_Deviation>
0.010837 0.036472 0.025407 0.053957 0.070711 0.012074 0.018352 0.010220 0.009019 
<LogVarVal> 39.935223
<Mixture> 1 <Weight> 0.500000
<Mean>
1315.583252 27.828390 38.275368 179.858078 76.024239 51.986004 55.752220 6.173904 -28.069189 
<Inverted_Deviation>
0.009382 0.009979 0.018190 0.012622 0.009228 0.025917 0.012624 0.006675 0.014430 
<LogVarVal> 44.765018
<Mixture> 2 <Weight> 0.166667
<Mean>
1023.666626 -60.667099 -3.012546 63.713581 -34.090271 31.421040 -92.926636 -81.936874 43.636265 
<Inverted_Deviation>
0.070711 0.070711 0.070711 0.070711 0.070711 0.070711 0.070711 0.070711 0.070711 
<LogVarVal> 28.993713
<State> 4
<NumMixes> 3
<Mixture> 0 <Weight> 0.500000
<Mean>
1312.111084 -114.214958 -8.345022 52.304943 16.951399 -15.393312 38.591965 -39.825043 -2.368021 
<Inverted_Deviation>
0.016276 0.032012 0.047399 0.012014 0.015385 0.021121 0.031863 0.022209 0.019733 
<LogVarVal> 39.392666
<Mixture> 1 <Weight> 0.333333
<Mean>
1487.458252 -87.391296 -28.773361 206.728714 -16.921858 -38.383041 34.172085 40.447746 21.570135 
<Inverted_Deviation>
0.013104 0.017291 0.059627 0.052769 0.014038 0.050456 0.026849 0.023294 0.070711 
<LogVarVal> 36.584026
<Mixture> 2 <Weight> 0.166667
<Mean>
1188.166626 -99.439461 51.257469 42.569778 72.863655 -5.782946 13.661270 16.475281 -14.197541 
<Inverted_Deviation>
0.070711 0.070711 0.070711 0.070711 0.070711 0.070711 0.070711 0.070711 0.070711 
<LogVarVal> 28.993713
<State> 5
<NumMixes> 3
<Mixture> 0 <Weight> 0.166667
<Mean>
1800.333252 -221.759323 -114.287834 -512.385803 292.849670 102.565277 135.281006 -10.216434 -99.058418 
<Inverted_Deviation>
0.070711 0.070711 0.070711 0.070711 0.070711 0.070711 0.070711 0.070711 0.070711 
<LogVarVal> 28.993713
<Mixture> 1 <Weight> 0.666667
<Mean>
1433.729004 74.397629 -38.271778 23.847101 114.422714 -20.688992 60.216938 -17.393621 7.771566 
<Inverted_Deviation>
0.011145 0.007425 0.040043 0.007145 0.017104 0.045094 0.010804 0.018042 0.029129 
<LogVarVal> 41.956470
<Mixture> 2 <Weight> 0.166667
<Mean>
1582.250000 -261.052643 80.331161 -263.028870 252.706924 -124.503998 99.672844 -114.197510 17.249352 
<Inverted_Deviation>
0.070711 0.070711 0.070711 0.070711 0.070711 0.070711 0.070711 0.070711 0.070711 
<LogVarVal> 28.993713
<TransP>
-0.405465 -1.098612 -10000000000.000000 -10000000000.000000 -10000000000.000000 -10000000000.000000 
-10000000000.000000 -0.693147 -0.693147 -10000000000.000000 -10000000000.000000 -10000000000.000000 
-10000000000.000000 -10000000000.000000 -0.693147 -0.693147 -10000000000.000000 -10000000000.000000 
-10000000000.000000 -10000000000.000000 -10000000000.000000 -0.693147 -0.693147 -10000000000.000000 
-10000000000.000000 -10000000000.000000 -10000000000.000000 -10000000000.000000 -0.693147 -0.693147 
-10000000000.000000 -10000000000.000000 -10000000000.000000 -10000000000.000000 -10000000000.000000 0.000000 
<EndEmbeddedHMM>
<BeginEmbeddedHMM>
<NumStates> 3
<State> 0
<NumMixes> 3
<Mixture> 0 <Weight> 0.285714
<Mean>
1164.270752 11.521528 -22.566486 101.114624 -3.500097 -6.666131 85.327095 -17.435656 -0.548196 
<Inverted_Deviation>
0.017011 0.010305 0.046018 0.040388 0.022760 0.043180 0.014754 0.012736 0.012014 
<LogVarVal> 40.014580
<Mixture> 1 <Weight> 0.500000
<Mean>
1003.452332 -52.425747 14.688487 75.124237 4.111175 -12.362983 0.845803 -12.191199 -11.530424 
<Inverted_Deviation>
0.011698 0.015952 0.023188 0.023780 0.009655 0.014584 0.021896 0.013459 0.016646 
<LogVarVal> 42.333988
<Mixture> 2 <Weight> 0.214286
<Mean>
1138.500000 -34.116909 -7.973011 -40.395126 77.280083 4.026248 -15.774768 -1.153909 45.051495 
<Inverted_Deviation>
0.023809 0.032119 0.027344 0.046417 0.019051 0.011530 0.023956 0.011216 0.070711 
<LogVarVal> 38.291054
<State> 1
<NumMixes> 3
<Mixture> 0 <Weight> 0.384615
<Mean>
1077.733276 20.914801 5.930760 -96.722160 4.858628 12.811587 37.329975 -0.313420 -17.856709 
<Inverted_Deviation>
0.011671 0.015760 0.021284 0.031908 0.031448 0.027071 0.020308 0.016956 0.041847 
<LogVarVal> 39.263264
<Mixture> 1 <Weight> 0.230769
<Mean>
1042.694336 -8.179933 13.304751 33.078869 35.409515 -10.095143 109.593704 -4.543414 5.478062 
<Inverted_Deviation>
0.048393 0.016951 0.041837 0.020597 0.025273 0.042873 0.070711 0.070711 0.070711 
<LogVarVal> 34.088688
<Mixture> 2 <Weight> 0.384615
<Mean>
1184.250000 -54.782234 -8.912138 -88.815109 -25.417231 12.763286 -20.352402 28.096357 0.599198 
<Inverted_Deviation>
0.011267 0.015164 0.019234 0.013862 0.016845 0.034804 0.020006 0.050873 0.028932 
<LogVarVal> 39.930359
<State> 2
<NumMixes> 3
<Mixture> 0 <Weight> 0.166667
<Mean>
1996.874878 -461.193726 -30.682976 -298.489258 207.034119 50.782707 -200.860718 130.061630 -1.529301 
<Inverted_Deviation>
0.003292 0.021490 0.004069 0.007587 0.011021 0.007755 0.014234 0.070711 0.008851 
<LogVarVal> 46.089180
<Mixture> 1 <Weight> 0.250000
<Mean>
1945.027710 -406.379822 18.927517 375.306000 -218.829102 -105.174500 -116.571274 138.957504 -31.346893 
<Inverted_Deviation>
0.003100 0.005485 0.008806 0.004989 0.005707 0.003988 0.006246 0.009298 0.004127 
<LogVarVal> 52.100632
<Mixture> 2 <Weight> 0.583333
<Mean>
1324.999878 -118.584946 45.780502 21.759987 -73.509178 11.650057 14.252220 -19.590601 -1.398237 
<Inverted_Deviation>
0.006772 0.007699 0.013033 0.007026 0.005583 0.007834 0.012582 0.010591 0.016635 
<LogVarVal> 47.368191
<TransP>
-0.241162 -1.540445 -10000000000.000000 
-10000000000.000000 -0.262364 -1.466337 
-10000000000.000000 -10000000000.000000 0.000000 
<EndEmbeddedHMM>
